Type,Index,0600,0700,0800,0900,1000,1100,1200,1300,1400,1500,1600,1700,1800,1900,2000,2100,2200,2300,0000,0100,0200,0300,0400,0500
Actual,1,11300.53,11130.91,11211.8,11780.55,12913.68,13408.6,13556.42,14313.83,15219.13,16159.82,17198.71,18177.6,18862.29,19345.78,19650.97,19494.15,18775.07,18206.55,17646.15,16649.98,15384.77,14073.8,12998.65,12225.45
Forecast,1,10644.2002,10449.2002,10502.5996,11180.0,12201.2998,12972.7998,13063.0,13555.5,14178.0996,15090.7998,15970.2998,17053.6992,17830.6992,18149.5,18669.6992,18613.5996,18163.5,17539.6992,16881.0,15849.0996,14597.2002,13303.0,12059.2002,11318.7002
Simulation,1,11118.926746616593,10735.541633119006,10435.465586921608,11507.054358259727,12578.92454334019,13796.314952957424,13689.345773019366,14059.004449825596,14532.551697140938,14701.81704691596,15527.812474601555,17107.215190421597,17366.261800444925,18001.584444342974,18583.082230843975,17772.70627918138,17957.394253557493,17644.25104027282,15884.068051515324,15874.39226944326,14514.248625526003,13522.691600773653,12355.180263775468,11686.271034879397
Simulation,2,10914.984828074652,10613.0248103022,10639.19714813235,11556.968702035887,12465.295721133914,13136.108167811053,12202.833405820955,12316.013295483634,13094.101086305076,13518.342379101809,14450.377808784635,15563.86464074725,17140.354510092224,17091.63300457012,18139.99005837272,18204.629216792837,18268.166205045007,16986.212982118806,16296.106034642551,13963.372759252969,13948.593141195102,12557.18729140301,12104.122039049811,11259.161629097678
Simulation,3,11597.934460806575,11052.888641973395,11226.55767116903,11760.662631675203,12822.806661910188,13632.763221527262,13204.168790955515,13939.335630558977,14287.359455718226,14581.091787739157,15912.492856753925,16896.945420673357,17728.599755045467,18618.38852907292,18478.888619753438,18240.17241546666,17859.38943658992,17281.360700052974,16991.986418866036,15879.879595891085,14649.375935261529,13331.986065904564,12157.852108362871,11588.546711641928
Simulation,4,10403.893648387688,10643.186366102691,10811.873238241333,11093.59282166078,12095.803587145008,12584.141137962943,13580.790494813285,14135.189542242946,14648.959606932684,15644.79364439189,15901.35575356575,17164.32784715894,17130.966539523757,17766.64078920251,17941.698988499506,18012.45997390874,16789.233567383013,16788.988740728273,16535.65223671337,15589.797000869956,14714.820656520087,13109.009698702463,11994.36611399035,11406.651386130103
Simulation,5,10491.235001942574,10406.254228490518,11124.444513510618,11706.944580976196,12623.512579474718,13559.248989689087,13374.690061181118,13300.921102244087,13642.75003549019,13479.683861268093,13469.223332269703,13515.190401588352,15446.090751676615,14221.479107191204,14892.79019528336,15848.92480699363,14703.72296402806,14336.703933367677,14103.183392811832,14376.67542093898,14036.194251364414,12318.492823485589,10869.098345027794,10498.34899937515
Simulation,6,11697.523717096388,13051.3358758708,12088.602936612184,14579.022833732888,14265.958472253607,14254.74060295319,13721.200923551147,14301.846469960332,14973.282765863534,16003.91737520334,17543.674918844947,17939.15245543315,18472.57345183488,19017.579243751574,18938.460326896886,18542.733492825126,18120.983312553908,17999.245874245793,16875.74968241216,16054.065506312385,14841.068244427175,13745.465245062305,12579.499939471123,11433.047717193123
Simulation,7,9971.866641681227,9744.278054232727,9786.026697037505,10517.672532538281,11019.364361001666,12269.306354394683,12396.266638025761,12690.996896132814,13795.482092982771,14580.899625123984,13593.058651140589,14586.046042906923,13673.15709995035,15748.305532400853,16901.027471713423,15511.317640721536,16110.355494942265,16343.311869628802,14716.528437072368,14715.796162967363,13652.820342369167,12789.181326231555,11962.870353111266,11307.299951817724
Simulation,8,10403.251258751046,10296.621586388621,10646.499239834144,10950.731141380375,11982.272671649049,12732.532376777785,12668.79846842399,13419.01687914741,13684.136708081438,14580.44219376428,15754.155770765,16770.132017149364,17289.659863707533,18075.38048069938,18210.56871242069,19023.88778752273,18457.918188653624,17516.38130341019,17004.553283663823,16085.120874851811,14802.05349230603,13283.260767524871,11802.037191051377,11115.139684696565
Simulation,9,12972.820265351618,13103.59301519762,13265.12054065416,14514.782254673406,13074.553446334936,13674.445805509149,12916.419084883077,13905.88152134416,14277.860088480667,15264.273650526453,16350.06522720306,17739.521909771447,18132.213980114735,18334.53112211595,18927.425122416724,19019.34638547985,19081.34969353241,19308.116212186644,18413.709134564528,17780.093497696525,15474.684704264111,14003.143305701977,12314.774180955132,12018.523001259295
Simulation,10,10154.973246314321,9630.12763150501,9592.352445098635,10716.248029454031,11245.073012977435,12146.13340350755,12304.328863918861,13311.800519055518,13403.13865220862,15326.871976888597,16346.503895967888,17131.033407169118,17918.99501502849,18213.469703236507,18786.75058795059,18113.652256906757,18059.967489914932,17424.24742150424,16289.206355218032,16223.409434629968,14655.614361612146,13125.524050394637,12137.7762850003,11062.778418769212
Simulation,11,11152.892863995314,10878.786499510743,10645.861696003663,11323.903392479328,12847.173198638637,13462.898330472075,14082.358865593393,14874.224346047436,15059.999234561676,15863.269802294231,17277.00480744623,19170.93348814088,19528.66352613212,19999.36643705722,19398.857295145892,19669.144980077555,20158.407529621596,19746.275678171,19670.454721537608,17486.484423377537,15442.559084960973,13853.775738236767,12494.188712167748,11865.05990776142
Simulation,12,11003.394053327347,10796.77521111038,10589.526418921801,11097.372744066945,11835.415462618403,12158.133150788064,12591.965021916169,12509.505089880502,13275.939589270256,14745.59184883718,15496.798437723774,16746.862368166636,17759.10686652849,18705.943923345207,19289.954141650327,19417.908314955414,19277.27041571056,17909.18652047593,16963.966910828498,15753.012637966785,14438.510978373462,12780.026350821625,11765.308173804244,11142.329256359937
Simulation,13,10239.800394497826,10204.89597835891,9942.852579632798,10906.744969164838,11917.728538083293,12631.539393963012,12814.327958424972,13189.535387014968,14332.75373455278,15220.806506420888,15077.071573649553,16641.634312933773,17540.986651823205,18373.39564914624,18935.429979108885,18570.597631571607,17942.644796058998,17799.839973924078,16986.144550369227,15560.36403628593,14003.720247324107,12313.208895954318,11313.81099043021,10403.698813775312
Simulation,14,9983.461004553932,9862.577362888715,10242.667209981506,10693.67614369903,11958.252370319133,12795.301291717213,12616.891901491825,12240.496155416347,13219.450575562281,14846.853284085486,15659.82399768957,17180.46271360613,17872.939498141,17961.00764970811,18757.356044886033,18741.27168428927,18807.183230288556,17784.487655498382,17404.289996206368,17177.902052216352,14847.870411093932,13590.407524199081,12125.732123034195,11003.141699359248
Simulation,15,11619.14911769986,11299.039635993497,11015.04450291687,11400.25166552784,12738.645123985627,13409.447740032814,13622.6951566862,14259.83069014515,14679.858948207062,16325.453381487521,16508.737984234474,17847.57902057979,19027.834061600577,19017.284348587324,19805.381822661722,19740.364302010435,19317.51029118216,18224.455055224797,17481.381540807215,16687.835774714647,15750.260062151863,13936.861927254311,12848.826059965042,12035.599818307415
Simulation,16,10659.74594648448,10488.827265067073,10670.241109622042,11348.917969539976,12389.372535406486,13206.085331915323,13557.337562486207,13882.392148001138,14669.980552681145,15508.691832944929,16421.683429229397,17333.162642517305,18514.866788863474,18678.323826528966,19251.832781097946,18818.880449513486,18507.160520511658,17729.207246253183,16674.884005502194,15765.140815003107,14755.002275461033,13739.315439676424,12364.652220322807,11966.647557091917
Simulation,17,13979.707899666813,13681.653538961029,13047.102727219548,15202.00662446617,15475.11209786329,15972.78908702012,16249.282759642949,14669.067718776318,15815.624426831582,16831.2224774139,17143.30916159309,18156.918599039924,18965.352364933056,19114.09883659231,19693.93533393299,19631.407562278877,18801.343634565965,18827.593838249777,18082.870199660796,16841.818301992455,15221.004580252458,13538.639990377555,11976.990174186767,11197.86695904244
Simulation,18,10843.807343915296,10597.343415574944,10512.897608512527,10738.136111705327,11148.226067933421,11927.516246265557,12403.365791036274,12696.758919850434,12682.714309207526,13323.942407654515,14508.394020715208,15710.882494112582,16919.94132031682,16470.505095995923,15464.036265779174,15228.60218374571,15078.64077071982,15927.878516241097,15451.122190667153,14515.96410341347,13265.045802723205,12857.231709242162,11661.274201417993,11514.267371545475
Simulation,19,10035.268213090258,10018.328499405514,9960.8982675656,10726.932686578846,11422.95032587562,12656.99403045775,12415.703746447918,13426.87117445355,14178.919748210985,15001.990729172285,15870.509164877449,16922.971945792582,17682.47963974883,18396.36656531985,18783.91002882213,18721.10025196126,18518.513592229734,17355.78927241206,17111.231022448326,16427.60553216745,14825.615960858582,13761.613174298065,12126.870049041434,11386.483491495517
Simulation,20,10638.126957219041,10260.513047873765,10385.26948161426,11371.930974358122,12562.341669721069,13492.12369276506,13817.892940912536,14082.549465459619,14587.868172550616,15933.99610196863,17081.78568068894,17922.642556445015,18477.08906386171,18672.995514867704,19573.94422995572,19059.408436799986,18539.65138684972,17362.131761241424,16680.272354441327,15894.584872885558,14571.400424162148,12887.001939780957,12279.475329497447,11673.483236418851
Simulation,21,10249.814868895224,10055.0829335407,10067.00859077798,10946.729175168157,11616.151731750691,11927.675065516627,12428.047966519985,13075.111287869046,13332.93365908309,14733.183862730451,15600.23032783324,16103.894170890027,17924.62175199602,18071.99440311739,18800.176225303432,18502.549758533267,18151.442294866665,17253.535665976855,16666.574943492502,15504.397379274966,13337.384208601452,12588.966132875257,11934.952205611751,11220.25041782145
Simulation,22,10972.426014753664,10402.874447475566,10506.929336891695,11376.847733040591,12394.846393537984,13497.423641064337,13601.123266169085,14121.378840790045,14801.598586229993,15661.447715516204,16511.644957161818,17056.142435772435,17816.572467482827,17639.32106990209,18924.165684514486,19357.556004244958,19155.541140826026,18327.395246506836,17456.101475410007,16278.29496638764,15095.673135982519,13818.111925761636,14831.816257088987,12333.478167059779
Simulation,23,11022.266807914073,10453.57702127392,10550.019744110214,11110.585735112365,12300.527583963001,13130.617135484916,13126.267489510443,13407.024686834528,13848.617524071398,15185.524406811814,15887.597286823539,17700.207986561316,17742.571068986308,17724.120845277033,19255.8395952734,19208.35376136704,18784.277111063184,17861.040540434253,17328.981068561763,15988.82605638405,14516.74335769976,13055.565832571805,11814.83170870395,11246.172075652663
Simulation,24,10811.973181786552,10479.870826920416,10576.691222825777,10903.03201465075,12747.525535793826,13147.819119362664,12843.603431132646,12482.479098199343,13728.477361366211,14873.572696723988,15321.691165193617,16989.464998591637,17936.184633823177,18180.03402287979,17984.590639716553,18244.401411114235,18028.792580466175,17104.552840371056,16477.04256476768,15424.325533914784,13840.835002457365,12840.185986121405,11224.034623913984,10541.908972571497
Simulation,25,10217.286886941232,10184.993475234303,10758.435153331144,11386.197398049406,12370.089842399748,12907.887588700945,12845.709706252836,12762.992879696905,14075.10420888689,14088.408361194843,14793.970353470884,15680.150424042617,17111.531710863324,18117.110697711727,18606.718853561695,18527.42376688104,18192.50682063086,17052.687697436275,16820.797696928974,15323.657574526984,14189.295097192648,13154.33025219156,11799.617436599563,11004.88816228855
Simulation,26,10298.279825727457,10444.802116591418,9970.009210308299,10819.072172620743,12073.146835514666,12870.395168768748,12950.693549366886,13253.414654877524,14399.325796960205,14827.231206057242,15822.511054008846,16422.878799348102,17640.142607542806,18343.846173214413,18754.3522043784,18502.569167039812,18583.423544302706,17405.959415221616,17005.41260406468,16685.695044459644,15116.655376952967,13475.722085561203,11999.438042326528,11182.573652206838
Simulation,27,10060.282297934833,10070.33981773985,10021.936376312113,11210.696848872336,11747.865968285452,12390.403518898349,12243.529982640368,12690.971144754814,13911.145807348388,15170.730682242678,15880.422420446308,17172.097010182464,17451.017493242132,18080.905595009892,18645.791755873568,18732.74552785949,18464.557009991197,16811.635499059747,15151.686688014506,15129.791626689452,14425.742584811103,13411.2663094137,12168.720122703005,11205.837986344854
Simulation,28,10380.607697952792,10639.528276296194,10634.405787743812,11403.124366931092,12204.47955398756,12968.738473193851,13074.917211413116,13963.123829538426,14962.42399082013,15319.402087011205,15898.293252709142,17180.44372171609,17962.116741566286,17754.4898500189,17102.509048910826,17149.332737763038,16373.136725294255,15935.81014253955,16030.513214480288,14987.825838828834,13282.351908608907,12162.046818296205,10958.774446238163,9730.01809890179
Simulation,29,10715.386934598588,10695.672107725573,10905.357065528977,11579.211567908305,12329.68919464257,13278.62396153777,13578.009026106045,13829.367925237459,14526.305979489469,15740.209459149395,17133.634593961415,18614.312887834112,18815.47078699217,18450.778824916786,19242.76973784735,19439.3502279323,18798.157165162454,17732.43755100368,16623.016636472228,15941.042246985186,14746.093258633962,13499.480624528036,12869.532560955886,11788.550699375912
Simulation,30,10241.272161572211,10197.0204,10358.434084271526,11106.66251018365,12182.44586853715,12373.096737009224,12913.012149060221,13815.603779176467,14467.966932213134,15146.136997296166,16101.133914174976,16953.65361118211,17850.050268309562,18417.48094855446,18926.723900385423,18665.592282737758,18736.25863603396,17915.772456434363,17424.59660926953,16530.626119772307,14840.90853936218,13383.392654644349,12308.478448434038,11650.233113837034
Simulation,31,10832.282604509004,10687.615474867685,10570.082672818351,11102.452177658926,11842.68348277621,12353.971792705453,12161.73461859405,12397.062666935895,13400.412272226602,13424.65258823471,15869.948835449504,16817.61645007971,18255.38646106815,18262.33465250647,18612.676308422822,18477.013320997088,18582.554991549743,17539.415087554833,17168.805174256115,15478.590811260534,14450.562143820025,13226.36870801207,11587.038748939924,10830.625760728613
Simulation,32,10767.590637938016,10728.902135668379,11183.904245646982,11659.927166294701,12396.333078458447,13351.056396579042,14040.566903223791,14458.186025425071,14518.394032925566,15856.844280566609,16507.528908941884,17455.594311254485,18346.969213197695,18771.57111811173,18978.40874953006,19110.58864789757,18333.703540071496,17665.28173620821,16916.967516985795,16184.832587116784,14621.145785399985,13945.029165146683,12260.186454456554,11370.131715423866
Simulation,33,10538.653570259887,10191.936287768736,9752.509036716236,10453.048485389774,11091.885162979825,11638.907840484211,12327.48058734546,12461.848757339312,13944.496709025678,14952.265947690532,14961.342881565954,16509.73067316872,16221.421465340867,17128.91995106712,16952.566165191565,15998.031137275626,16945.111694179523,15743.720419701061,15904.942510722207,15208.827470910064,14188.888257948141,12810.671192458703,11876.014252395189,11099.695467631647
Simulation,34,11299.071720594853,10666.126667214923,10963.248969125054,11747.857706474131,12732.041577246408,13405.735663436008,13599.890763720203,13794.238275310614,14840.9289294486,16023.151588894614,16817.30690651619,18016.20244902177,18687.522329268286,18880.30536967267,19061.678984062888,19036.104536888786,18530.14547523736,17596.678566594255,17192.946580170752,16365.361356047291,14858.257226369302,13233.070874183933,11789.314323767443,10890.93083086372
Simulation,35,9649.629526111528,10092.564062432188,9921.251369697593,10742.511003218884,12218.798692852966,12699.435587994469,13204.583955691885,13541.019006409517,14681.54981725784,15096.428648787924,16044.957991172765,16802.332474348885,17294.77441194118,17740.610733329762,17880.997302610034,18388.767690889432,18385.35272665327,18067.547104023473,17085.95380762639,16353.922618421337,14978.35681368401,13738.018366579026,12033.437464260705,11305.579433301706
Simulation,36,10516.471236205938,10523.08979267877,10696.42570785599,11407.084371284169,12196.169629630142,12989.578924908788,13378.161747649168,14061.242480282246,14842.230763208852,15368.858519247997,17040.1342492287,17762.432033880013,18932.59701705365,18651.703655041467,18816.044214491027,18532.663548641885,18329.780395165395,17938.207065826005,16640.905284144264,15876.850311496019,13997.513760741434,12556.843785182045,11683.960872556969,10713.535429528318
Simulation,37,10360.789005045293,9867.961108141835,10316.108406245845,10696.660277717647,11320.640378252725,12123.87413764298,12729.034752484251,12321.519807156465,12624.215827891005,13375.069086583231,15014.06713647231,16356.4852265916,17845.959757956447,18039.540308695145,18510.23025677146,18543.281394180904,17163.348947069728,16014.062533506192,16401.340530086538,15745.72687902555,14583.694669480641,13162.17654965577,11450.215133477339,10958.309527873631
Simulation,38,10441.152796245546,10385.335417632952,10801.111940644645,11363.080994525482,12336.707421104087,13378.049603963844,13501.968478619801,13791.561121002806,14280.038533695442,15496.9231171116,16361.366209787675,17376.500260888344,18050.76213461078,18635.95659861857,18745.783524119102,18719.61166549592,18657.620276658174,18016.910933066833,17773.131468767988,15773.231233723789,14695.49843911176,13640.633284004898,12449.121186460563,11628.054882241593
Simulation,39,9968.391121673181,9911.644420398461,9711.502749184972,10674.280079365848,11712.941628370998,12756.414161810237,12999.9322920669,13718.702465593275,14035.290700577181,15189.531483940744,16192.949254970341,17162.88809364279,17941.031776540305,18730.375851833927,19177.483593219375,19238.687229483818,18728.00433104676,17500.55935632494,16865.524852601535,16016.759735649934,14346.613805101286,13437.729121610617,11697.802293855699,10914.654170782069
Simulation,40,10357.040501194135,10410.341585525466,10776.638035258553,11650.440979299832,12435.545908125625,13548.363194005115,13586.192607817795,13625.212085653904,14602.409218904339,15375.875970983428,16485.330707841636,17428.905305934717,18230.742695219913,18069.451761983495,18385.432639018713,18847.045905677754,18130.931740205117,17657.013039689304,17016.348159650905,15615.483887634506,14751.51952775237,13308.822226957938,12570.151489520202,11696.720454222996
Simulation,41,10619.322760732175,10621.50028933645,10601.121197498735,11054.127994190769,11536.15669672563,12200.017260518396,12736.610683905163,12558.103079007336,13844.85153551706,14987.80773082632,16215.419974055674,17743.11761372942,18425.61875056429,18529.091308616826,19355.52788634469,19224.744439129598,18419.433769344905,17751.09781909541,17030.626181574087,16129.064539194196,14620.676212057118,13292.044361449252,12134.637160948952,11472.174219294135
Simulation,42,10313.559409571988,10096.112932413838,10241.777020892121,11097.380412436987,12124.73618777401,12969.519444906964,13378.629867181402,13972.306644910248,13972.270725491451,15201.050670054228,16380.043630990116,17686.12725145028,18702.90900254207,18698.378296457577,19736.46012652525,19726.790913841603,19127.052929881025,18132.916724071554,17113.048860141822,15747.909765525332,14405.196908966589,12852.121907805264,11938.307322450548,11042.43707996176
Simulation,43,10799.74946553667,10783.646275541982,10752.021100274667,11152.48237846439,12328.460919445106,13047.767402329357,13026.565451017752,14003.893734716148,14962.377607856173,15873.809071220296,16760.93329435067,17656.117353070535,18818.306970998125,19167.285468569866,19359.972320341945,19135.434464559134,18525.640273690486,17522.00673128109,16587.485534028543,15835.658177255642,14659.720223105262,13368.080133118763,12191.89365339989,11502.912933992007
Simulation,44,10077.956545115629,10192.69720347797,10170.65638488712,11133.091949019576,11907.675422681787,12928.980018486434,13349.895797074736,13965.878690620288,14695.180040482703,15888.085651021778,17440.057012141464,18155.0789201965,18828.830724314987,19232.155429537605,19342.468161271696,19526.029818611936,18735.054919136644,18058.508938004936,17599.929681066922,17656.898866648036,15524.10423522572,14475.898366869644,12355.124716615475,10534.964620414312
Simulation,45,10428.463202134382,10652.485174437905,10532.935402757073,10834.33363404381,11909.483274400576,12985.250181769235,12583.350470508543,13128.01203156247,13309.882878942266,13707.812285277232,13337.205289484516,14549.825276870964,14899.60921100605,14369.600963960536,15482.802580164322,16347.173689027706,15596.287741247856,15539.412481865877,15236.434575408046,14411.388155364832,13530.380025899321,12202.463963797629,11300.4295190832,10549.242754974428
Simulation,46,10162.059794177312,9421.537803685573,9212.017083626295,10262.410184381994,11832.380160299288,12383.721653570155,12464.144948101624,12892.653488178648,13288.514739628155,13846.101957036088,14331.097603452918,14402.722002055214,16197.923532876726,17134.648036024068,17158.87740965246,15526.034741218438,16037.791461780194,15590.619852827764,15014.95232650587,14648.888122580582,13210.801961827838,12326.97270159967,10915.559284971492,10019.376952123037
Simulation,47,11147.346194601903,10811.506702807472,10822.199023744022,11558.262261388227,12584.588641050213,13576.791715959136,13827.723678845812,13912.219965761149,14413.493619671415,15766.251458557,16199.006596352194,17056.742923601258,17664.97876512611,17760.115451506255,18483.267418349886,18846.329557209996,18660.281180084225,17463.290070152572,16609.545985122466,15598.527528140483,14498.280671667042,12751.888988858873,11662.269845624558,10925.241424529344
Simulation,48,10812.19953942575,10817.692279572768,10470.57772989994,11084.708411373384,12323.777875359769,13040.5569339631,13139.489427953475,13245.981138728204,14623.781832970308,15175.160614679144,16106.22656471943,17210.729654791216,18261.80087386711,18362.699453150653,19131.478434479468,19467.730331482733,19244.66641890742,18561.738673505897,18223.2608578246,17038.14331104047,15199.437618879008,13991.703661764786,12397.906314761349,11643.121237583671
Simulation,49,10906.700534887199,10763.227122995851,10892.822378351924,11593.2494940196,12347.8102886334,13230.039378252575,13336.525204066318,13856.992525332638,13741.598432635918,14675.368942487408,15480.202678161813,16652.297636121635,16485.52370224319,15890.47021439495,15642.218068730605,15439.634215250682,16778.00860530442,16440.364208782892,14917.166980422606,14503.622409164047,13442.520958461891,13008.721938255556,11622.834430439189,11036.46181081218
Simulation,50,11032.725570566447,11215.019019502173,11343.915729067732,11725.32218778681,13851.224266550498,13847.453932764423,13552.134702188016,14003.187592165163,14812.74660676841,15482.618739857193,16082.711031655132,17465.956003722607,18052.832737938337,19279.91684745934,19290.04023795544,18966.383928555162,18667.609534437604,17476.258214964986,16408.299367426494,15802.54335083403,14302.88363346714,13176.158714361001,11570.846811671197,10018.15059639106
Simulation,51,10732.520384932552,10819.010741512815,10891.385268878832,11114.735699855524,12357.707455888461,13103.684197069322,13170.02497826924,13718.552906550858,14465.249840440236,15167.514444603701,16175.877272384261,17573.784292913617,18098.714492974043,18243.416805123416,19179.871491212052,19157.823625347428,19277.2719047656,18714.205922220717,18111.102424354613,16820.809422509235,15278.707183684672,13694.137655110071,12138.824108664241,11347.960166145855
Simulation,52,11105.245961604256,11241.871173279143,11228.914995241023,11878.113618003748,12634.2355759063,13639.810055630533,13549.300729274604,13893.684165784196,14460.683229351258,15247.702356302152,16279.118961090977,17568.941558947496,18314.028782477413,18596.9138320492,18874.50186236485,18083.696524234467,17256.88849386606,16955.591868617834,15936.12454115733,15932.219035223163,13962.489608304744,13149.886840261677,12162.90533006655,11567.682051941318
Simulation,53,10470.030271372714,10461.107679621198,10837.077415666132,11352.347785804686,12457.387976688611,12766.176526213276,13103.546094638567,13899.62567087185,14293.52361700459,14830.023740950748,16175.443538588124,16976.5850389796,16510.823063726664,16173.630424857556,13892.28731248388,15036.684086340469,15243.951592644225,16384.25037592141,16009.527149379439,14381.45012032321,12878.442153519225,12381.928268934194,11003.692410693366,10957.081454331432
Simulation,54,9218.284672315009,9204.66748169525,9169.158335894514,9918.891966514439,10777.145946526429,11044.488853070796,10735.447337606365,10635.078456853273,11010.365371293523,12505.768153311972,13015.23106377264,13705.183173119605,14708.855848653438,15686.889920474836,15875.07076877308,16375.830064003818,15742.77134143762,16456.699352260068,15969.572080272055,15172.028961952146,13960.995315933656,12938.087687805088,11813.980060753307,10843.390572083683
Simulation,55,10075.517188975438,9713.67176010964,10043.252619462093,10773.339720886725,11916.819960993753,12797.33301901399,13364.1561676688,13893.785916330105,14451.700947109766,14949.792594460676,15983.477144003238,16805.30899547934,18136.20927941482,18190.943704154583,18819.374101521,18914.38850112241,18357.198384604297,17841.011420825515,17758.13451395954,16788.05363953082,15428.392414910873,15287.349273638803,13943.663647428972,12633.50258064232
Simulation,56,10749.941740848904,10615.02164611613,10863.123998003508,11436.705920612407,12065.09762647008,12384.356552376657,12942.736265221169,13507.739268354253,14036.294109222728,14679.52032885532,16259.083814110632,17286.264489254758,18549.356003380086,18597.805618510352,19570.312505586066,18824.15305328197,18167.271763932124,17910.695248894997,17541.615407920006,16549.054577364386,15005.10843350955,13917.331301617365,12698.377441259994,12527.395555515353
Simulation,57,10346.709764631138,10139.009546741652,10385.840802975988,10833.978581025232,11471.768925202501,11780.10998439639,12161.903650799488,12687.428228052177,13291.734106531916,12824.025036822268,12669.988306484636,13796.02004265949,13304.074940909613,13554.91303261193,14641.080035194427,16636.50682518263,16094.92149460117,14168.226239723506,14367.679654113386,13446.699952418421,13070.056814821746,12359.444166075027,11643.851748667184,11359.578803140113
Simulation,58,11524.432115711572,11007.988631987108,11313.706814563522,11753.071518286954,12869.022069650242,13782.53093926197,13696.017818403314,14329.62860036076,15012.217523635558,15474.298577409672,17045.132707135213,17834.988083896475,18793.20015896669,18767.06144256262,19359.8719383785,19333.896878852636,19447.502858007832,17888.93899245919,17074.774259599762,15662.161006397104,15069.385220411015,13816.934277561972,12359.712223952563,11617.05992713289
Simulation,59,11039.77101301404,10714.277030854735,11050.910466507952,11480.197947933199,12684.441629277415,13606.125902831287,13540.499065196753,13813.888929211751,14135.853459269902,15372.738983722458,16439.17053398176,17586.288838955894,18091.119996798367,17083.999746999856,18689.349504890368,17877.580989354723,17287.411759947066,16475.964989637956,16096.438628359825,15605.829461780819,14665.567643903412,13574.827892953668,12275.959918448867,11326.727152780522
Simulation,60,10679.34420262467,10562.503865046494,10272.215066725461,11174.142943024359,12174.026399554585,13089.342353081993,13151.611973001505,13374.003237259583,13706.412170497397,14330.1084973036,15740.637203907276,17185.67616554007,17835.982685144234,17606.21979805465,18193.77406418386,17292.220857844393,15636.270358491567,16135.619110008398,14523.201747836794,14814.076779997507,13282.205012111739,12030.841939647345,10751.808783779463,10541.246502281132
Simulation,61,10526.71601249013,10810.567853989873,10632.219566112979,10667.309766875476,12265.39507172935,13231.141710677646,13480.97037182998,13719.431179843514,14739.053798015786,16057.35594193518,17463.565902819908,17929.055487912374,18786.587509761077,19092.101960258413,19975.390759751488,19952.629066169877,19029.82766766042,18685.452042858877,18134.727667674277,16912.03963214445,15542.569593995933,14044.594507142714,12598.543452470849,11450.622240422994
Simulation,62,10093.936634305624,10136.327369528763,9883.864082059605,10717.113734822986,12253.553709450198,12479.331845754656,12659.567114524047,13100.541952848615,14196.235466921915,15427.056037192191,16495.593824313943,18045.914902957396,18799.862817940513,18957.28230651773,19467.402067812498,18511.561145863063,18560.96348621553,18266.62499059955,16943.96468795595,16450.868289899507,15132.576476560083,14180.843056433376,12245.27429979446,11862.493067414105
Simulation,63,10983.680125271316,10676.442895584663,10887.786698771011,11557.20416431627,12579.295974372106,13181.399895366047,13488.671375995826,14448.8965939952,14915.830058788677,15957.171798113117,16515.29361287826,17769.38797691987,18131.356735378744,18166.25631468156,18628.862712437858,18084.270888572195,18361.089715603935,17415.673586386347,16686.112546056604,15628.293660280733,14624.83281973216,13273.08573545213,11856.428617879348,10988.267129033935
Simulation,64,10446.170979054854,9952.93023301311,10275.468130280535,10503.840616290745,12013.055308950667,13141.760223280266,13370.543318872364,14165.53212118164,15274.734652207999,15692.14441564343,17052.399987352055,18318.468847016033,19071.532792723865,19096.624582991735,19324.672767974454,19365.81530500313,18335.04479123274,17848.208832264325,17004.53981308082,16591.116123246647,15122.0451705583,13846.338354724056,12914.289905366342,11668.892075409205
Simulation,65,9734.081548796881,9582.650731257121,9128.101930639163,10041.24915220213,11085.91729431755,11780.872738166114,12997.025593124463,13571.501731369326,14338.031886373885,14866.218854164938,15712.358285730646,16788.24184639691,17866.56880497247,18104.316621982587,18457.697622645584,16934.54182148129,16640.113623085414,15717.981112121886,15165.005470732638,14856.410922267136,13819.556174051952,12541.060292799932,11186.831539785859,10705.55808579329
Simulation,66,10222.326868838827,10099.206176492855,10177.390739519098,11255.643933584275,12378.514160835615,13170.459377946334,13365.228724354782,13519.035789649233,13411.315007537145,15132.21666015942,16235.722966364814,17226.29676963736,17542.929086662065,18321.00441871474,18927.473689247097,19178.06248893344,18538.196900346877,17402.124917758632,17474.612527467933,15979.926089482056,14983.45032117074,13653.034531704257,12259.618833991037,11407.00884385527
Simulation,67,10825.655208581602,10468.10176279028,10865.396586112962,11337.31914272611,12237.14495398291,13149.146577040276,12687.80365959562,13336.093956452945,13746.862738259199,14946.981868986144,15577.368144019892,16529.24162438862,17988.543560829443,18545.028268075992,18427.916724661045,19188.968839878456,17769.9963234747,17453.48950192702,17298.02181260216,16522.931338043225,15096.160184552276,13344.140521341018,11962.596636116723,11425.504919432877
Simulation,68,10684.85702536987,10633.470774295156,10476.467169258343,11313.581220862485,12243.301372998012,12912.556284768629,12851.452709351151,13651.1547851646,14806.814368952157,15839.138615634927,16442.503071538507,17820.004005413386,18714.32811627396,19063.074627492864,19207.936753702805,18976.22472756875,18783.56549957164,17966.0640015671,17380.48480957229,16620.941301537616,15386.927268016283,14145.118693492079,12245.475791619461,11062.754066472447
Simulation,69,10933.115220167354,10538.205066486033,10782.400999957717,11404.294467143174,12277.965648880734,13276.37530765976,13350.949316098095,13551.999723057561,14253.319041628649,15300.57474718071,15239.536678365976,16601.628963639094,16937.370601590213,18031.549689173367,17360.45501486364,17612.91142672489,16680.28175616428,16948.30188756498,16049.938074863385,15466.000137420697,14260.738606636674,13431.08873693918,12127.04049423298,10851.842619534098
Simulation,70,10698.26775169725,10945.427453930453,10831.163498197207,12028.493566973993,13448.508212235332,14348.649017060965,13994.295656452216,14578.485306604995,15484.819792528659,17121.609338162107,18520.33343429935,19817.426328986992,20006.759726584696,20115.730412529407,21439.363595340306,21134.293162626404,20627.644829760953,19720.130043189554,18183.620565346115,17321.726596984863,15373.070883608847,15193.28584438207,12924.668885511657,11603.818528507465
Simulation,71,10562.229309840424,10359.448982144122,10601.203397026038,11335.022752499965,12443.661426799548,13166.561747049196,13880.165444631268,13856.008593246397,14401.303959305907,15251.275225373605,16099.000034199478,16920.001600057494,16853.647236642722,16423.73639912635,16456.113821139006,18221.695921021015,17382.91275067841,16873.352787215394,16477.386443432337,15489.561014335193,13847.552281572349,12393.365334187773,11935.400498137564,11625.467128800523
Simulation,72,11755.320619537713,10993.419893887907,11209.431912713306,12749.997948125249,12724.602481078302,13661.561015852863,13404.03141996144,14090.316880106868,14823.442164501026,15692.740343297462,16305.674366212661,17250.0764118811,18268.25693794792,18252.178014064924,18955.733473708802,18751.470348543317,18196.75682637186,17833.210758221587,17194.13076765805,16374.440449026923,14853.837338879874,13610.40475496577,12485.878889974203,11668.427887710935
Simulation,73,10877.999760511268,11019.280288042226,10760.571265970673,11910.305420652507,12749.761901958094,13538.419590071524,13670.659801838043,14025.064236167867,14972.223856060946,15571.891596491823,16459.80222938082,17449.257481940596,18075.332961415348,18835.33383145958,19854.920806021026,19196.743574059525,18802.8341638838,18154.732028722952,18011.490923996404,16592.139087611442,15554.721060517666,13955.828311577618,12088.73684235713,11168.600675409098
Simulation,74,11236.00449642596,10985.623027972439,10906.267720743166,11822.564578549038,12395.548646124815,12905.501107025488,13319.186913790876,14072.02876117523,14836.79467559911,15083.899856967942,16178.297271897898,17186.47293571754,17936.725543944398,18646.177211753668,19197.873514290375,19059.270420790526,18327.69081386816,17550.11417358683,16798.708121132055,16059.973389211822,14650.771876387282,13559.21004090696,12181.500961092454,11350.687836497458
Simulation,75,10006.7335495623,9891.72495530917,9887.030094174268,10812.420492256933,11944.427657166105,12811.727120966983,12949.364724022435,13376.316316965847,14789.521195718506,15382.036860807864,16256.313709265392,17331.584562800526,18110.310674132255,18771.28811249757,18533.629563606853,18741.991271966774,17962.842663676136,16166.28878836727,16372.554445308557,14939.355670745834,13505.279190459813,12843.891692955202,11680.929351088294,10058.264453583502
Simulation,76,10546.048118774115,10265.05429181975,10287.881890614872,10957.788572852583,12141.00217900474,12961.217302630652,13570.487265255319,13774.794537498854,14602.469705679816,15683.312610065404,17219.044004833548,17357.214743792847,17917.321402705347,18999.62448038653,18919.467800515602,19195.424603922904,18785.184369757997,18256.601417322694,17825.54230801472,16121.683254029016,14766.463894721719,13185.757269313364,12385.699456570537,11676.27400588001
Simulation,77,8762.617427721412,8956.692821128363,9166.368694000732,9471.165943333348,11164.276199966345,11257.204473941485,11353.484139598884,11887.794831530631,12499.73985064084,13049.26530498941,13766.811426368724,15668.69464072768,15702.0952883599,17214.423350428315,18500.868938912736,18502.7772402034,18452.576659107886,17843.69915247166,17183.024894872608,16399.002556187606,14738.724132064153,13461.467483955037,11576.014871684447,11089.160938067784
Simulation,78,11464.933792415135,11539.883191861541,11094.665237319672,11827.78638911006,12686.610004892222,13356.264793591747,13092.033042796591,13128.248458359914,13464.787459648529,14729.264979049758,15355.049572110649,16691.76188492291,17443.26760530691,17662.037822881124,18511.6874285037,18609.15056853352,18270.144585059395,17777.593024107755,16708.902210593955,15701.31608248275,14677.964068916162,13163.785925540456,11455.09010641009,11009.03755749874
Simulation,79,10627.558280372094,10437.900298931308,10374.345390191804,10739.422755928936,12325.002231293503,12924.262984111238,13256.924389193757,13818.487679414076,14359.879892370862,15718.348890275258,17155.72305124044,18217.123794872692,18839.22716052274,19041.552653015176,19942.659136450184,20413.96629809407,19674.802773173,19191.295648749252,17584.42883202345,16817.905932537775,15076.153111069929,13864.380321538016,13507.682317551775,12491.362338758056
Simulation,80,11119.752586991024,10811.789967289507,11178.46538344886,11737.89978307731,12396.354503516883,13385.426350593281,13679.476345111007,14131.536122078462,15071.928641590426,16018.865982837113,16663.97356654798,18409.820567694645,18779.198197454247,19696.46819600142,19756.24286755743,20409.89497249867,18828.51543229775,18680.47548204617,17799.686452497845,16375.062429606116,15192.582646352343,14165.394728778343,12745.692800118251,11835.006854733896
Simulation,81,11342.40393980203,11025.345690313829,10935.549677977078,11535.25825084245,12594.43465769854,12678.829773689084,12972.752572868832,14073.435422033801,14620.878088840505,15096.864685966008,15995.253931169851,17282.27418011455,18561.17669806055,18880.075518037404,19444.824999756143,19568.133312427657,19570.52983459118,18575.79596315403,17664.288383046936,16793.293763756705,16163.014917250883,14117.073398326804,12997.069488047484,12611.588808496599
Simulation,82,10643.812705106468,10454.526718723933,10361.887713598157,10842.31366658633,11957.679598591514,12834.72055136316,12707.520231268474,13601.339929940135,14319.713672565014,15020.569997240098,15985.283525886192,17364.742863668173,17740.21935510878,18161.066602961273,19231.34238674119,18940.888654987037,18580.520491532858,17896.93392408693,17388.60748230796,15704.555367495006,14601.237795441657,13461.722267101795,12137.217978884746,11521.8465059252
Simulation,83,10702.155244201607,10688.14127667535,10111.333051978958,10864.424685519934,11846.591646777564,12442.488327071034,12601.324724692338,13540.178326679308,14203.318313008864,15735.85892445923,15580.840626606416,16896.176379264154,17210.01262219079,16994.718521492923,18045.554896978225,18344.067452036503,18049.02938116172,16891.714486543035,15881.239159152168,15311.960815366941,13099.052363841958,11968.726789089285,11437.542178893998,10656.89660447342
Simulation,84,11096.8021724877,10853.82329815989,10630.863981925933,11352.173185549032,12365.690432424568,13485.169374536283,13634.287445350736,13586.621235570372,14302.953055490914,15318.834447639465,16015.767721606586,16751.686800148218,17978.789203425797,18546.678079841186,19356.567994913745,19077.50652427149,19244.676635495845,17931.29760981341,17163.85796477318,16355.516629927542,15047.336946702442,13930.730295578622,12225.922864567525,11692.027475466579
Simulation,85,10032.642616849333,10016.876396109124,10016.840220517697,11171.960615698428,12685.684308153912,13149.903365135076,13008.588457606893,13201.807575086357,14060.547008721354,14489.435733559361,15030.990381997613,17095.438198093892,17905.846688219,18362.932549142617,18378.586460847688,17955.857677813423,17218.862493827917,17464.51738695223,17012.502589192023,15631.36050987972,14910.215329228347,13436.799857479242,12060.733383501733,11418.17915357081
Simulation,86,10173.800982223584,9915.237121116987,10437.700912641703,11095.711451621828,11690.364588183309,12865.364164901717,12734.12555360299,13316.266176156905,13571.24408986558,15013.584160393286,15930.161737556993,17391.899026547082,18379.195501898805,18457.033451708605,18455.328303218303,18696.149200000003,18396.304849368367,17965.50594062582,16900.346444737686,15431.082362335337,14302.444755743834,13403.559851646149,12054.632868119246,11101.865524092069
Simulation,87,10911.499408663281,10976.834097667455,10904.834194453344,11592.042852776049,12174.574082249357,12457.629682908386,12436.55504529947,12783.804343755583,13850.502578499332,14962.588684762804,16064.538897215609,16820.698454314428,18068.589609946954,18197.966063065625,18138.39327631443,18075.390895281213,17283.74530208655,16335.501236457381,15544.41083462938,14981.788261312106,13993.094434711713,12881.14970999276,11292.409749805414,10304.89711025735
Simulation,88,10661.42392605014,10489.379471672326,11551.408205229734,11837.43778561035,12880.181953586898,14375.702085905532,13508.814342029445,13640.695668085169,13973.919153054647,15552.685572113069,16116.110520537839,17050.082564948894,17365.391646695425,17557.149854630596,18107.21746243517,18491.60605604306,18155.966209063532,18077.174974898357,17424.999063777963,16223.89591824357,14588.746359429077,13263.148247198578,11728.949082000223,11044.328654477998
Simulation,89,10772.936882429653,10727.3941952563,10492.27145321994,12016.231977526733,13253.537441938302,13482.83250955239,13830.31163636833,14515.8242658449,15521.088087672844,18314.00848268698,18574.530529701624,18724.112762987887,19062.00413228513,19251.78675002735,19359.525951716405,19643.95069430661,19106.97906726573,17701.62221544017,17402.93012179055,16166.564015306256,15155.12623216594,13399.991222478093,12182.766108297592,11733.190589146794
Simulation,90,11161.97655720553,10967.008125300124,11303.990387179692,12099.031517193811,12611.803444551198,13801.150721938044,13396.67464266163,13835.47781782417,15037.718840788923,16782.74519339329,17533.277012462986,19215.203778111936,19430.150701765044,19289.205116526842,19831.246041346094,20367.434486147547,18861.156569413157,18659.377739362546,18053.909941092155,17190.843644856694,15361.717743098714,13987.639525943338,12584.658543437923,11566.332897605109
Simulation,91,10195.06,10417.051564164269,10232.627254440069,11138.827383851782,11947.027643582014,11857.306508348662,12228.23735964053,12749.885380173184,13805.174730359466,13726.790071209947,14496.378215175426,15408.277565419608,16436.310429553258,15074.73131655948,16796.99750985613,15638.790665662596,16646.20052599643,15971.273725477286,15142.489406993212,15381.479870218089,14176.684557307055,12780.422014713111,11368.946301881811,10832.789532303994
Simulation,92,10184.534381768817,9838.213145181562,10233.149204866906,11119.920369290081,11607.784521435284,11732.231323164147,11521.08277280411,11517.858292073757,12334.69025300072,14331.797013014566,14504.416834293903,15532.47676338977,16036.030748513826,17567.728029867172,18898.49811924718,18727.479905580607,18396.323882995137,17958.144345513643,17540.830813693956,16417.547490264333,15191.091518556299,13693.145621152455,12407.404020906353,11477.52767832861
Simulation,93,10779.73003340676,9991.48010456791,10140.581782910996,10827.254823322864,11975.82719064716,12806.24617990063,12885.114980347524,13695.348944697518,13746.935532312395,14723.685582310445,15553.90367266739,16990.634049199532,17794.673734095144,17929.66062940166,17668.383496017377,18093.20029983678,16852.75777822496,16996.967538769044,16080.684200745884,15360.62226038688,14053.142377861637,13042.178485937955,11672.555815966896,10698.550968390458
Simulation,94,10368.380607582958,10301.765826363566,10555.996493291153,11308.28169567098,12092.519532845205,13218.601046896694,12800.483766926956,13404.398189293435,13905.808700041678,15198.796587201201,15347.432385124835,16626.039702487513,17672.04882059953,18285.439855260232,19038.203153787934,18746.262572316315,18508.983089803532,17598.379486774807,17164.858335886143,16472.87623835005,15033.549983815421,13773.20636164732,12342.069832073941,11549.299638688593
Simulation,95,10320.93734929513,10240.291358180602,10144.828992035445,11067.26281039259,12082.148452798694,12740.284016323456,13120.381205203345,13780.31352468468,13809.628481396487,14892.971168371887,16110.320151115428,16742.93461291327,17175.566944739807,18183.701639534112,18694.512437370766,18363.07949840988,18055.57241261065,17569.481495973243,16442.07371509294,15735.66508301778,14728.10729847675,13280.655300161385,12182.780036854607,11256.311090677998
Simulation,96,10465.219404121657,10161.48880092569,10187.090861204213,10922.837350081709,12142.24744592526,13064.689947371786,12821.800099263006,12987.99933565886,13689.724716749652,13265.051810129175,14173.547147446096,15434.47328116885,16854.27119042061,16827.09693445303,17572.715052328607,16711.8272204483,16369.876437835943,15486.348808370803,15624.824021058883,15014.275022094467,14276.294691172225,13337.69262092115,11517.218327513394,10163.548459901518
Simulation,97,11156.65719513493,10914.54911822114,10963.174882302781,11684.347665966126,13367.441964203785,13464.861966201639,13519.341660800168,13992.196267509578,14729.39761017001,15914.874275763483,16236.91691324272,17719.028273671975,19029.000158393686,20207.639383578688,19943.706664311943,19831.312360339,19635.11773972864,18692.904824668716,17956.547538696337,16839.84682263425,15244.868329863311,14345.343043245442,13137.8555790881,11711.4663079105
Simulation,98,10188.678503157558,10141.209012587202,10544.81372371834,11393.483730469537,12084.046228791281,12605.242993094342,12080.69455074012,12738.148776080032,12836.449489922097,13813.67648411415,15428.48142971932,16713.24133702845,16994.964671156155,18232.164862579593,18889.724918353684,18858.142817167376,18267.27274045031,17499.537735265953,16779.799060181456,15606.162903622875,14665.042577507502,13532.818932266193,12386.163690282507,11183.475855360099
Simulation,99,10830.55721207206,10612.719090955565,10738.617110128036,11280.677872039587,12384.51918814715,13357.490169102624,13226.07543234208,13782.459573695001,14317.839503773723,15508.469716003354,16533.79890181992,17295.41345027542,17935.291684109507,18132.834986273385,18536.024236914283,18536.47759766424,18287.042250799244,17682.34684500664,16406.868951368248,15762.164551986232,14111.140149305322,12764.0655389312,11165.204214006491,11216.205010454178
Simulation,100,10080.290973682713,9983.414076086796,10282.82326783998,10894.143564904989,12271.117744934194,12568.187347995394,12988.487097366258,13109.881208330282,14258.332577711555,15760.396719539942,17299.560535662404,18247.71015579961,18617.818738681515,18873.14033697225,19342.555113361104,19153.355232856167,19308.635511096854,18644.333044484767,17687.91727618812,16394.890761951592,15114.056837788901,13952.68293820861,12611.34350685516,11683.570307358343
Simulation,101,10456.997464033497,10028.360077621364,10315.673514102667,11103.786785564842,12310.777727775265,13330.353615484208,12815.26871081591,13468.59688234966,14521.215355300588,15190.195673849688,16073.016946894193,17247.057745118775,17447.21789459996,17496.31828289956,17589.566367656244,17733.39492587763,14966.158069339705,17129.290911561904,15719.374005131624,14892.123085430336,13288.98589199391,12946.799849065243,11791.267026247919,11475.92902975117
Simulation,102,10309.236671953533,9953.842757429407,10409.339362669994,11011.745409492916,11998.783880211067,12808.282933272647,12843.866844218184,13719.404156605504,14034.287011904713,14960.067940999694,16008.566994809658,16839.41673885647,18043.17489809539,18107.925211134774,18704.37732864896,18108.753295992934,17571.164085436107,17349.251437580067,15625.73303140684,14752.556719613338,14624.860942660376,13152.287682166103,12392.21379699012,11826.234559585571
Simulation,103,10981.096730014675,10654.745176203547,10563.725478353921,11191.767604183902,12201.489666399928,13135.921291569623,13480.0505317748,13654.535793309777,14842.886184414576,15760.400662805654,16602.18849527252,18128.607138709147,19117.488825353157,19244.348746172065,19666.86408006599,19565.39386914929,19905.693995584665,19708.5999356542,18584.579584960204,18606.1720060847,16545.90175018456,14262.784011275617,12542.01903089293,11363.950889261458
Simulation,104,9546.40670708318,9333.174251354183,9193.843664739059,10210.837620956328,11195.163775798019,12126.88040121543,12793.071886187612,13357.998602566031,13837.374514134117,15049.537203670001,15870.61984569162,16717.982434293557,17102.439596651002,17769.725103322406,18355.98409595831,18293.393263721642,17205.834423654615,17082.02787675599,16470.5610580015,15365.200935748364,14380.034522404201,13067.975979098857,11976.649129908166,11190.580339460555
Simulation,105,11036.911922159841,10942.651840667602,10636.472546099021,11187.948610965692,12488.370341786414,13846.468712190948,13579.271288130978,14234.23493120713,14422.51260995129,14818.219542899375,16056.552542653704,16857.15459614207,17705.567668665262,17962.03346909495,18157.54517394754,18474.599728395053,17912.892706205774,17316.76134777412,16353.821866400405,15001.981871481166,14306.79034050351,13208.73730133998,11921.326476682565,11046.11371378594
Simulation,106,11762.827422022412,11294.592189218527,11246.470782451182,11589.009285942599,12997.019179907677,13671.188455219277,13692.572418800344,14079.70122039359,14819.664672400708,15453.598723631461,16889.52629640868,17568.89815766658,18229.439861960836,18756.315779249584,19289.26313625072,19303.065555240177,18635.14892191433,18619.180110508667,17373.86842057081,16174.466638621701,15400.60235439444,14782.053980500164,12817.487522617534,12370.851873107755
Simulation,107,11205.113532144682,10902.190558175816,10683.072033994926,11416.122113137275,12501.768087389859,13061.287840212086,12528.687332895179,13309.925955132238,14260.160087413353,15685.019226294371,16919.761326187076,17779.298445103726,18915.649754803642,18642.440488469034,18884.024717082575,18593.65225602775,18492.127144860977,17637.64065358477,17016.728159804086,15809.69574708888,14774.40267013505,12996.792847984038,11346.09361012514,11229.23077034881
Simulation,108,11360.706379663518,10754.61670256443,11115.7614487306,12002.6713626374,12581.753536269767,13229.009901622394,13425.299079371758,14126.899714732384,14887.326649721921,16479.151999668768,16435.325022879195,17986.98453914783,18751.815765993582,19692.64759725501,20083.890413593264,19925.64137742514,19037.99124662746,19178.362934849178,17413.12421705949,16643.456565884353,15363.253165711596,13542.578904294189,12607.704017510916,11703.68143082205
Simulation,109,10978.695876859947,10673.122355131083,10653.200619491989,11212.159474939375,12368.73949162517,13158.960241980949,13149.132181974022,13455.358453343153,13880.926329943204,14663.480417196137,15880.337962358726,16409.95458097182,17260.63543377471,18138.291967722245,18759.292378283,18455.78722086293,17433.157534825856,16938.060731206075,16338.170066799084,15572.434988021892,14453.649581434633,13181.23721396202,12040.251586007025,11862.672512463296
Simulation,110,9840.777367781517,9755.486814057907,9907.69801140227,10572.856129730688,11946.584386408891,12836.252909606752,12604.840611104104,12772.45290597504,13935.071959738942,13733.982189770926,15212.44543044906,16846.540740884677,17377.945042185303,17745.207660849355,18061.46176015474,17586.15779591719,17514.697615929806,17771.964094665633,15708.458898077804,15070.137834624766,13939.326773102468,13082.930256506064,11777.680263748143,11196.844980342368
Simulation,111,10288.581929878423,10549.950120777161,10475.569693126225,10874.887440970344,11844.238778014542,12926.893041295287,12156.838799464902,11914.256843997055,12120.081857504021,12729.305476383335,13612.469586988442,14503.71721240743,15026.349317893717,16191.377983900933,17031.423238832478,16531.42734931819,16662.881103179625,16867.885715159115,14610.282397537181,13419.419549125963,12328.542866878797,11737.816395055455,10913.695632658313,10495.903179728843
Simulation,112,10208.139919358311,10523.07479269226,10499.948409246612,11153.536316048192,11958.272637018557,12830.020307754012,12720.550469751754,12365.517438590678,13909.863405493277,15030.484285056726,16492.947201823332,17167.653968672643,18169.343781580195,18621.148545556076,19230.768966359115,19238.941156653775,18702.878057370654,18676.05869701953,18749.902354565394,18094.359502255575,16907.414225697466,13959.834103091383,11960.593329598365,11615.448796868348
Simulation,113,10597.532013752318,10371.681614373347,10279.491175411255,10800.94868984429,11392.171438564234,12532.580367915038,12997.918522929498,13310.7500813812,13447.683153898992,14842.755821877248,14892.187048121297,16683.50150416808,17836.57751097475,17058.974019383804,18157.96942233844,18269.79616307335,17369.05634816572,16997.761714908247,16198.977742519679,15357.687322328398,13396.689711719098,12236.330509505893,11546.490811931384,10921.298853507147
Simulation,114,10122.598711273778,10059.157849666115,9967.031526262193,10543.331823163975,11303.314237466611,12111.733966919677,11999.18873100397,12778.93644978474,12943.26622895859,12197.215650649981,13590.94437602154,15374.414435427001,16794.9725815568,16945.09653701729,17170.16762444872,15593.451603334546,16194.560322790576,14696.907304423297,14560.229747799318,13718.336000253315,13059.015604607172,12525.099287015824,12035.684797266871,11312.640126980526
Simulation,115,11157.04170380145,11012.739002208913,11014.9888157246,11685.326541569211,13501.598642437844,14102.645080182632,13820.990417122772,15064.46128198827,15506.132913047662,15864.207993676539,16901.732387078857,18935.541374505858,19913.57071338883,20433.287112330472,20479.892596465168,20035.083701248725,19666.79980815986,18561.619492745205,18333.077854238443,16715.549339349687,15181.309536989429,13917.365124177779,12225.589248718963,11592.965182445225
Simulation,116,9246.37459063893,9299.27767498479,9546.96275936681,10020.069629764057,10558.343557581256,11294.59416863545,11524.447559555454,12200.884205242237,12907.550389917173,13996.433044587879,13843.01679726263,14865.89581567073,15201.425796003492,15977.876954353147,14977.529692685528,16684.469418476434,15643.090381232196,16023.45440749477,15150.61593819161,14611.495835942442,13866.777196262505,12561.40615744987,12040.346942855436,11016.006067594684
Simulation,117,9832.42738644574,9754.30016177477,9579.61766292141,10147.363972056706,11566.666561095182,11846.66892603003,11494.846622720452,12101.675230300372,12332.405133076416,13848.512318115316,14803.368338003977,14260.869786894513,15508.133728362878,14228.281879931488,16008.370306815563,14697.379442496582,15367.056082115492,14944.308860417046,14680.530852546872,13794.111311895454,13406.463785029895,12264.807603388761,11926.744420899211,11223.438746523927
Simulation,118,10646.865534052384,10099.368100212427,10302.55977895376,10943.856936181439,11557.127145466678,12608.71544183379,12987.401054190324,13292.224702688563,14386.942777171316,15015.373533865539,15981.464652033328,17743.941469345245,19018.592627410235,19313.354661997895,19635.176858623796,19583.007929101284,18829.02389147348,18046.188276815334,17798.0524744415,16646.168624417867,14899.977492708678,13087.189037338776,11422.563266496134,10502.75547597327
Simulation,119,10541.200138197624,10369.228362416565,10457.52130127221,11286.177009481258,12365.677146699914,12939.57748911234,13075.508685010971,12801.888264117815,13646.939960155098,14793.563902592807,15558.409811385603,15449.691397524271,15443.733610821619,17137.29804322823,16169.53874063557,17988.60302386795,16679.916262199087,16495.157671433768,17015.117156588865,15864.46955534928,14043.69065270838,12785.431770835825,11957.297229338574,11471.497884846325
Simulation,120,10802.021144269851,10919.355239063898,10448.79433814218,10890.523062180226,12075.259589314659,12653.320600316434,13410.073601715,13398.838428067287,14258.964737916822,14929.303495788785,15762.892462149583,17011.231933881198,18035.60867619262,18201.101985784855,19154.009880081554,19005.58164798734,18345.626108984463,17733.416571728438,16629.64371520798,15857.832758053408,14972.791403925028,13174.371781036729,11949.448532546141,11278.448866406161
Simulation,121,9388.25455282941,9274.715140507516,9549.411610877025,10203.615412103341,10805.306826517477,12266.279656277864,12290.194704307021,11812.770639379654,12454.198611083197,12940.166639706898,13065.870641392788,14067.108645905902,14363.154144769278,15002.454361377335,15327.772954060054,15624.704168348679,16180.517374130133,15724.310848679634,15807.480459531906,15587.31931432799,14569.302744076997,13512.912518532145,12442.692655071693,11746.468873186584
Simulation,122,9883.505942332935,9820.43656840402,9951.329809234314,10790.113104944625,11430.500032762338,12453.892241705209,12161.558396684542,13371.864220681417,14436.3777635677,15121.121764801444,15898.228230278915,17360.16731708491,17951.707808545892,18523.914390779046,19225.14233083146,19266.44459239415,18811.20438415907,18405.58372741086,17584.00280409155,16912.5591575297,15876.56352830523,14252.819949838748,12870.21514780603,11777.103396993107
Simulation,123,10916.451946299561,10976.405160483462,11423.970696335658,11639.477116583555,13076.104625517499,13278.645859639752,13663.311096040099,13869.022434200051,14465.135931824292,15126.910826557107,16664.65904674539,17336.155348364755,17928.83476155211,18622.225974094225,18739.157239031283,18946.0262458367,18493.189330407513,17958.098899844197,17081.055813555027,16338.251616441226,14727.245496881173,13292.787627656213,11859.113394070002,11516.54159621073
Simulation,124,9345.8006203642,9164.666202782993,9298.38247027077,10040.971519097104,11414.193732988653,12319.422617182874,12687.767132705732,13360.074737244198,14448.560013746266,15347.61021288929,16208.895144290798,16915.87369855296,17635.41841572788,16993.518678222503,17342.015037891404,17272.077221545438,16246.04263018278,15453.568562682285,15275.31247565847,14529.746839338906,13433.356418555366,13027.718582180943,11491.568497942402,11167.5231012516
Simulation,125,9567.957064464887,9379.41536358661,9740.104794061703,10151.006122489958,11227.08749351926,12421.919091397058,12643.71680247071,13530.609408292818,14489.891120891705,15461.47160437348,15975.586209840345,15921.27654046579,17049.99073928909,16623.412640855793,17409.835608988866,16399.89760892373,16900.701772726796,15797.677671834792,16667.07674537979,15791.30755066172,14134.399776222846,12869.086685045164,11811.629494888153,11411.657174440044
Simulation,126,10628.281259482306,10366.156549091258,10167.585790183419,10542.497756569428,11481.466446306318,11606.770057677464,11161.905364319937,12131.427656397676,12771.177345176324,14002.64268630001,15024.54426264081,15030.020313213108,16124.925573933175,16164.280095049911,16247.654903418774,16389.86643841249,16167.668048831914,16061.022861780284,14309.595204800335,15263.263405154701,13803.156768515231,12415.305080590744,11760.754787755655,11274.039225060542
Simulation,127,9775.214458056242,9458.410948304705,9357.25034270355,10638.605902703666,11773.601991794534,12201.991616830603,12387.58118794813,13411.35053354933,14116.192932455178,15319.36246183212,16267.142239911893,17725.626800984566,18622.137512034435,18846.152757857937,18902.900282599887,18527.355152932192,18321.45856900999,18159.759313599723,17438.877716088686,16211.013637872038,14964.937481742756,13427.920799676891,12194.790686329525,10980.407684295864
Simulation,128,10005.430740882503,9515.635291924402,9533.371047535458,9796.09493373391,10626.11368793359,10838.79210442477,10628.599201866078,10955.843284074039,12339.37642466498,12925.944319777307,13236.571404147602,13693.647866045687,15127.762817937626,17032.742275044453,17342.538736367704,17663.37256452306,15555.931731275048,14164.401506941005,14243.144612701517,13711.006260358256,12657.656738788413,11911.086345456737,10348.851447122608,9676.244995608718
Simulation,129,11685.770974289408,10978.783647660784,11016.805900889894,11370.25354411521,12500.39281177315,12849.29406309472,13168.858994456661,14403.096528672319,15256.90738700701,16897.46973103202,17194.80200823024,18217.27386607338,18581.585100638476,18944.544584649375,19144.568626910994,19335.6113980567,18730.245450445036,18091.046813869205,17029.802952785063,16739.99509063529,15260.75699386797,13550.683654655797,12513.090845933355,11351.774431487825
Simulation,130,10728.045021576723,10525.370585292843,11171.069737613152,11868.40526318458,12894.089860976135,13259.328855370148,13522.159165461177,14347.850305763657,15085.288263947514,15885.719371973655,16614.279230710672,17291.7605019367,18356.2101837346,18868.206785414888,19237.534454958135,19336.82726722704,18810.128985616273,18557.089575563627,18359.024503215922,18214.11203798978,17000.5705560068,15340.07714465939,14178.455247679038,11876.960117159299
Simulation,131,12163.615115584127,12466.073691054164,11453.927339541968,12253.294288935283,13450.874309296369,13712.030262512182,14276.98713679405,14418.13128240937,14802.063129033177,15200.744291371575,16155.610469095653,17382.526468503533,18352.2671860886,18887.41311878187,19108.860348111313,18610.335172850162,17830.722796284786,17455.721923660145,17673.9064349391,16264.678634109823,14975.256463317291,13881.409997436325,13011.032396679997,12215.99873122827
Simulation,132,11035.87867246634,10498.13034304844,10386.25300114872,11188.50937735876,11611.268031692112,12228.806003844742,12346.94930660323,13044.950056352434,13560.143065366605,14584.701308302167,15746.069187626917,17373.032874316996,17516.65258593537,17731.16106490556,18202.207126173347,18728.038143522474,18060.46120136047,17829.703710346064,17170.446211783037,15883.206305211945,14471.575746432056,12822.35015923258,12242.124804557767,11452.4957669477
Simulation,133,11093.126044195807,11125.620431270592,11750.654859988403,11638.886027888311,12996.50877517753,13557.415609645064,14128.422067229105,14210.030426425552,14898.66747161558,15873.93132878823,17040.562552100044,18719.415917115108,19306.86271601169,19303.465637423178,19423.661236080185,18954.108332468022,17977.920890735077,17561.843882222267,18120.84275852219,16805.322295032696,15670.423414884759,14313.862714990022,13049.635564004595,11870.22940547743
Simulation,134,9431.410705135682,9476.3358725138,10064.195649570194,10152.912920240044,11378.137142357733,11957.047563137052,12227.819036155073,12510.088910818493,13712.932149703005,14830.047142599302,15954.373954351908,17403.75155223885,18035.660509251153,18293.45137655091,18611.90210008759,18083.575420461,18333.81042811676,18193.75123628681,17262.91652244672,16451.039254019823,14945.51478271533,13851.625846705636,12084.276562142451,11695.668546397515
Simulation,135,10267.941933114917,10016.84003208375,10197.930189911263,10635.049172221428,11842.077960783192,12324.69798277388,12878.982534839586,12595.309279502751,13860.57817967831,13513.715985042814,13792.938608969087,16070.062310548019,16757.629394232696,17267.663173137174,18068.49140421954,17886.477793070357,17250.82476287402,17383.259409572158,16700.204313945476,15771.464260956667,13826.390199030338,13136.454327326917,12003.021357287258,11430.550688894098
Simulation,136,10999.1257206523,10698.943237852223,11042.81398767302,12001.54637838907,12827.503339852363,13383.363454732253,13025.239303105618,13989.16212811777,14658.077028565169,15638.79468513153,16436.391482151517,17194.925592956635,17739.35665658163,18062.65861058112,19252.71211776099,19757.994685795347,18958.54469642142,18588.44511971245,17824.38158478075,16029.240237974307,15025.220578554037,13619.293482120385,12377.148035201059,11726.873924508624
Simulation,137,10792.087002323147,10157.72027563711,10116.145036815282,10482.701776549222,11576.845969787915,12652.072341526675,13191.46,13533.879480601403,14522.103177382489,15744.80265182601,16625.49511678993,16985.182187574144,16933.46062697542,17103.419797519397,17175.470893241003,14251.019770682959,15603.030643832526,15091.183353891442,14784.34469386197,14188.951889931152,12872.89374538777,11989.780098206798,10726.656679384443,9808.820458130614
Simulation,138,11149.518916748792,10450.740755310904,10658.790430214714,11562.62051906205,12525.60116697034,13209.968382088537,13058.695838239057,13496.187501473381,14212.431183242834,15094.661257218257,17201.340968833578,18845.87565503805,18537.528387372724,18642.306822388087,19298.542665130055,18965.118987436148,18666.64241601961,18168.191630506295,17836.686449910256,15901.392054563941,14529.878689659434,12443.510984403227,11402.658747687816,10593.491659078569
Simulation,139,11046.42526630899,10978.641595768808,10804.124059553389,11164.209601643315,12106.519543643384,12970.090211474,13135.504143952901,12988.01980710495,13327.692440775902,15104.297684205278,16212.405071412424,17225.21202786038,18039.305621665324,18164.245603212836,19213.9196065466,18783.7895299156,18786.41392313289,18430.405128112776,17948.408355437186,16657.654883703864,15058.526868112951,13629.514501125464,12275.901416253042,11598.49747425212
Simulation,140,11101.297174715755,10621.585751344715,10640.516101108573,11462.124257437374,12350.634540431314,13076.387466486678,13409.1159374763,14344.596103603075,15032.970798702434,16011.647460105316,16591.344730883106,17611.66457678567,18244.682599907326,18298.741965172405,18789.774399536887,18818.414316733215,18299.359457618008,18035.130227453854,17483.047132939206,16274.23650094942,14862.769619190376,13068.308170234337,12254.056860290357,11092.723164050994
Simulation,141,10582.878971533233,10531.234912947088,10863.982228960414,11605.535551797202,12349.3794,13227.938507988001,12983.336436931291,13539.884403394459,14383.271587239477,15175.300860322392,15631.842401408223,16660.14271195323,17213.607551120083,17505.629405814245,18833.86649317388,18864.445530773057,18103.987409034708,16644.916547362052,15778.483840978795,14645.848047073272,13591.517597060842,13068.115024063201,11147.403687895636,10841.611790637657
Simulation,142,10593.587532155121,10418.764291957663,10917.135745002633,12009.46513700515,13449.130442656637,13828.291551305774,13485.663581361168,13970.790867922176,14074.404719808483,14498.93113428441,15405.864040150525,16632.31913652069,17772.236836588047,18051.869968857824,18285.79727660823,17795.51281996827,18291.082274572094,17690.688459562487,17397.33036410316,15952.10017061386,14904.990238870118,13908.495742748511,12583.757596756146,11480.017665879117
Simulation,143,10054.04085154742,10050.41050062473,10482.375863793632,10663.397243413528,11997.187189136335,12682.026453126944,12346.827483945854,13040.056602142773,13510.185890490082,13768.493017510129,14324.739950823172,15648.47292442267,15822.348498352218,17137.17043891188,16342.310670910203,17293.6423400637,16557.847893552724,15406.972879402407,15201.778284243906,15255.06749458125,13269.397432896614,12172.669132686113,11620.502446995595,10895.04885515295
Simulation,144,11164.076725788278,10992.345867604177,11292.801234504745,11634.596069248842,12404.060318942698,13388.322686180023,13341.765117604135,13820.000979272118,14191.906850730506,15194.345880557288,15951.4409942183,17225.153922975565,18021.10363549589,18075.08737847892,19049.642617351143,19124.074889131865,17982.71806522173,16594.082970572515,15755.010351526305,14899.059230209057,14494.0562240312,12978.242706718993,11570.889007331909,10830.727054457831
Simulation,145,10821.511421145096,10738.515766186554,10636.323762946942,11519.121885919372,12435.500634140124,13494.77298721753,13675.25387641818,14140.118574116497,14411.680860595934,15792.22417337832,16232.507132516563,17314.24630599356,18156.141111084304,18187.994123065455,18799.44349171625,18481.33866811505,17607.226275471152,17787.011497975083,17026.10361433497,16107.014940727633,14396.331063602416,13252.769287831428,11989.168237815065,11258.480738575945
Simulation,146,11375.859422442287,11388.14670753824,11251.766982999294,11922.116601642969,12407.13022389707,13316.276296941343,13187.715372536511,14213.809598751404,14904.56406002313,16429.705622057834,17299.552323136002,18101.739125406086,18885.02357997628,18474.96248516382,19241.073954158717,19392.32831987568,19781.256379146766,19190.39522353773,18554.7197217834,16721.235372864634,15528.312451808053,14638.586584832057,14047.79944201994,12037.13088408333
Simulation,147,11074.632865735497,11111.47980624927,11256.72110744008,11655.397277737451,12957.253940397919,13184.142768128604,13447.81648953681,13799.351459026997,14191.898872264526,14456.070688916545,14891.335500973559,14221.03929368848,15301.832018054563,16010.505698593288,15729.334738542197,15564.449062905156,16453.466933266784,15170.930847932525,14152.722292932433,13082.540045280732,13406.666716589792,11990.226049149915,10914.599793579935,10272.213745697558
Simulation,148,10717.79373180434,10540.547389326699,10335.557258115403,11148.314441387169,12015.733529764164,12459.451803991065,11922.539749449626,12634.526042381955,12875.421801904598,13135.674406636917,14660.666889263004,15514.417954561784,16508.667088750437,17376.341463704724,17102.769129595905,17629.096722140817,17946.93919080587,17861.018237230757,17349.00585378409,16059.52896457251,14962.847380192863,13763.309007400161,12033.528862524927,11443.165861925652
Simulation,149,9638.204283384108,9854.14908652422,10057.696429330126,11172.668060055268,11931.620167061446,12780.316088932032,13324.612315003722,13658.910572440704,13945.472068136876,15222.585337408831,16130.859977738573,17478.4345720697,18114.00000231763,18714.079802854383,19171.027513516423,18698.75725298465,18192.475378234423,17448.330321007805,16886.589155863057,15728.936917852328,14929.387835566848,13146.030266990343,12001.718930941941,10989.766544631602
Simulation,150,9412.283882816744,9459.738309007367,9718.966888273617,9980.292691313394,11203.74784553334,12433.82615358551,12783.68779761589,13178.298891167655,13711.353642375363,14685.493401056645,15573.197087505976,16207.761599836267,17442.38617452735,17935.15336809043,19005.220433552917,18398.294279428857,17958.125501449264,17304.033195429205,16801.962995794824,15809.440424819712,15003.549608966481,13031.435166451773,12155.14228421226,11035.549150133118
Simulation,151,9832.44088848863,9022.482191221983,9093.619546363501,9397.210378448835,10642.831445230287,11759.57068683775,11177.673149813405,12343.041936945883,13260.238532082314,13698.320822348009,14566.180074316046,14681.93284299613,16046.66709530809,15911.967200361325,17169.603423841207,15067.699041600115,14782.948839594672,14765.323144675698,13786.197824173807,12995.354841931789,11633.598006880804,10634.447282800302,10383.969525833725,9810.213036113124
Simulation,152,10576.642323679314,10155.691880759725,10071.137705642646,10750.050928901479,12111.054466259786,12531.223329322303,12040.543788576566,11802.264687299275,12863.107295718335,13995.427260280581,15368.092404518853,16482.863538272268,17487.29697742713,18149.16986926679,18618.99971366386,18726.99731784858,18365.698365204575,17741.297847864313,17611.972026191368,15975.943010102976,14740.937983017157,13507.69556488139,11524.5538540326,10296.273931032893
Simulation,153,11280.478688006939,11737.371967671319,11259.154361332352,11616.510766268875,13301.175770314523,14041.49298561434,14734.996302175037,15487.718251643477,15192.873811449675,16081.02875309846,17231.922256160055,18804.6428801104,18823.091420827084,19274.367159066776,19917.461248495925,19467.793188202693,18531.97868235513,18332.963857010127,18527.624587120645,17369.88551112291,16695.48927051841,14032.743744710018,12897.05313036221,12433.366765560688
Simulation,154,11359.046033510156,11440.652393137843,12139.073532208615,12494.188074321955,13162.863155854973,13129.659310213123,13321.451896933931,14009.747514254439,14417.870090768753,15326.90388718385,16232.065838528162,17357.45000164135,18546.704212203433,18566.697991918314,19192.253615840444,18980.079762294456,18481.195156127862,17658.309378121994,17413.599123829103,16255.257187548015,15041.163995026305,13670.864155391773,12551.620181384029,11458.801596923573
Simulation,155,10599.13798536311,10197.0204,10534.924565140438,11071.114366424921,12250.764978707424,12510.114388873888,12641.809234299146,12832.637680360747,12855.376563880614,14300.860110825268,15324.97554193687,16344.501235961323,17630.116148713172,18221.63593902045,18939.115426179695,18806.297199777488,18251.888879441103,16839.498856156464,16563.368243018445,15889.317864616669,14306.412579809414,12856.621353459008,11958.762438838497,11471.514059246525
Simulation,156,11331.661709081052,10411.175116171988,10355.277922984042,11013.063442639828,12253.349025539837,13026.809675613751,12845.37054725683,13935.149309513596,14191.74837075877,15240.882468117277,16071.8279734101,16151.99520567895,17446.902126247,17865.748448456114,18383.07453033694,18292.735258896035,17519.654315429892,17264.09925086385,15508.038360097591,14331.131295680818,12899.084466452994,12409.013576434763,11386.664594686003,10801.222078109786
Simulation,157,10399.010908334367,10408.379289164648,10484.090828401579,11045.456719995977,12224.759163126906,13255.586529802276,13039.556444665881,13896.102511010122,15072.427118959764,15981.584221521602,16939.625689258603,18069.19238277525,18693.15344927373,18742.32294937811,19115.453439312045,19244.422562090676,19097.326376574838,18326.6381373628,17570.3452121697,16372.112843762956,15016.480418437204,13650.63902440174,11426.53370493543,10956.959667999852
Simulation,158,10668.685853544748,10213.283694008693,10476.029973478544,11317.951464494923,12310.724298303658,13175.671030663985,13232.649475728584,13588.120406007316,14661.37921269503,15070.909784240102,15663.477610157179,16660.334499621986,17515.925642993196,18107.898942007454,18728.252203614655,18989.730995415306,18818.268118385422,18325.665685704513,17255.110213857028,16299.810316216573,14978.290521511728,13256.88367049244,11730.063095607899,11144.570826159726
Simulation,159,10140.172095786153,9769.115173462147,10258.010824852343,10547.715163904466,11898.875311722515,12459.844728700138,13207.488256899904,13692.47710378196,14412.312933682848,15410.347302536175,16341.619111843404,17159.217390746126,18285.2492,18121.7649092883,18829.839709778567,18969.98560039887,18679.40669624759,18156.27308600791,17022.4730596145,16374.37740951454,15167.44419221515,14599.075780000248,12500.57408968124,11754.374257926293
Simulation,160,10597.903244971496,10644.426943496066,10384.649654721736,11198.0855575892,12320.742406582998,13576.798583864655,13388.90761482179,14131.0148959,14370.628265989299,15444.102495125246,15425.868100825553,17070.47314293677,17933.59384325616,17413.844705228334,18682.060114900472,18638.465155865375,18458.35338429935,16645.79466537061,17017.402167276443,15728.817339739076,14346.658305624092,13031.254558923687,11818.19595173857,11592.974235476211
Simulation,161,10751.09423814083,10607.129779008455,10689.36713716604,11475.711614206773,12150.72079486211,12579.816998731745,13125.440178316474,13770.91392151151,14017.899970891163,14825.467548769771,15695.126149541902,17049.34459117357,17597.77092274447,18118.802100351913,17994.547087063795,18314.024909885866,17426.594787120863,17199.167537953163,17248.20224456644,16284.944211924285,15566.327062722994,13895.942150121877,12817.125359428679,12438.100643692334
Simulation,162,10558.331248102713,10538.5366097716,10803.670480268634,11584.878575887074,12644.779432221987,15183.723254575892,15062.639083295599,14672.399519568038,15557.859827253465,17298.727027889305,18051.914803006493,18155.776602406462,19324.322046932495,19771.616092497137,20626.947639544494,20232.43853721515,19936.54300040823,19693.363772026827,18796.755936222566,17084.472508469604,15832.11823877307,13886.262106691964,12574.85785064054,11803.98324948757
Simulation,163,11073.238796870097,10837.773122134297,10666.16001438325,11378.53692030009,12066.451263569934,13237.204513505705,13272.404852632098,13825.783011000913,14725.990217718592,15555.329155064492,16444.07412188263,17679.938117175247,18308.28479463863,19071.149530346236,20421.753651613002,20109.471648166484,19228.253809417176,18612.900374538065,17630.89262187231,16417.044930013668,15149.197619287148,13722.362589283428,12225.649862356087,11287.71992087411
Simulation,164,10958.275721912196,10321.137405319978,10501.511472762115,11071.874778735484,12370.332071877792,13459.423484325354,12960.296869640511,13206.778066287647,13368.617014780115,13961.082687172153,15035.19450548726,15951.981460519753,15789.49407407844,16244.0337485182,17360.197713609108,17431.426729006984,15762.820024684857,17099.57132488337,16806.16680994315,15863.463028919105,14697.134028308024,12874.726846563017,12055.809409705722,11137.060598298978
Simulation,165,10642.129110074242,10270.026475634188,10603.14517002249,11047.48141009736,12136.89393384204,12580.254689298159,13179.792117850708,13732.941968204905,14095.497121118839,14977.16308863533,15485.515282332848,16469.42961489243,17790.50097855905,17968.872591923762,18663.96270107744,18604.134167255044,18361.24529813065,17868.932342300013,17394.727440583745,16158.328868630684,14962.797557521517,13127.707710792423,12247.773812217458,11587.514091196235
Simulation,166,10904.53514612535,10437.897920373573,10716.16304950802,11078.82780515078,12205.63794067519,12981.150721292934,13106.199718149459,13857.414903673263,14302.071669241148,15321.570521629092,16130.85574543144,17971.368398159375,18156.399655370467,18314.478855883433,18767.805787080782,18727.597856397733,18133.084442997475,17358.90582627063,16817.49748066715,15346.060929147267,14024.046124284992,12953.361002191952,11850.20482235471,10650.692471923363
Simulation,167,11466.813562625992,10896.748587179429,10921.92017566132,11805.405986915772,12556.33859451044,13489.785062371673,13836.176738095986,14393.756889004675,15148.984856424402,15738.676307659865,17521.5700040683,18620.12261196282,18956.984596039274,19105.12405389264,19655.571359089372,20223.50615386002,19615.0716255449,19531.84946549318,18304.686926812334,18089.901436605884,16328.696949316098,14159.904420987605,12597.695755084735,12008.63905747224
Simulation,168,11107.43987786582,10811.806966440472,11316.26933760317,11812.626770898922,12712.417213212464,13780.150413934525,14454.96367830973,14335.701658263968,14730.066393853123,15160.09155357179,15787.510569502914,16792.977214902945,17452.16507879074,18299.591939981165,19067.16952410861,19303.888977475053,18273.715573283742,18421.189359450807,17385.239525204845,15994.316998749111,14727.64777783991,12989.085232810592,11977.60417944172,11308.122276865895
Simulation,169,10549.465700849469,10560.470062731672,10584.026831808433,11162.339552087045,11861.225597313904,12801.972134130603,12986.428095929456,13314.040745632747,13670.945371985199,14580.986516509103,14334.944943899523,15429.266620020071,15542.940578007598,15294.985404752717,16263.327176593353,15057.571421077893,14497.026391768015,14416.146154292252,15823.94249073321,13745.810615657741,12536.830405954486,12028.444265430102,11037.14081248688,10334.197027027016
Simulation,170,10913.935947047534,10743.74076118957,11401.173815507682,11740.346403200847,13218.035625067763,14758.89802660345,14164.622932731232,14547.732867940314,14988.442136768059,15879.717151497833,16591.34296375809,17616.323285769176,18157.87683675368,18548.25429850113,19260.18846395214,19598.175220240042,19079.374541441193,18768.595896908017,17243.643704193903,17010.85832108203,16012.279390308648,14133.444401411125,12471.26992084598,11557.998098763586
Simulation,171,10075.359559114022,10096.154846146923,10400.597467764173,11012.753599087751,11875.181187466644,13136.286837778853,13119.496294696572,13529.085111843691,13934.48317057919,14097.958938422491,14881.111181163988,14429.644438129479,14592.757239809795,15634.183910736454,15245.005797534499,15335.373644196443,15029.574689881805,15395.540228669772,14795.331133482534,13177.47336936584,13253.808624470854,12516.577617971368,11820.61521433302,11092.518412235957
Simulation,172,11181.23619176298,10750.291256291628,10755.439487931677,11489.561949661891,12241.020748781733,13261.011891421023,12982.544587711547,13160.112271783193,13786.313948390818,15458.67799685206,16164.31097617522,16522.359429844964,17356.512643860107,18184.755138766344,18799.627255806903,18783.774244389282,18734.03596665074,18066.40106905367,17049.551560874886,16128.97838181774,14736.999420374037,13519.673922418136,12082.354727601567,11171.206783980331
Simulation,173,9636.457676806349,9504.011009449208,10055.71784982625,10395.150768700141,11564.592961063048,11773.677626330427,10851.032797519052,11987.699207262069,12088.481279276164,12170.139714218796,13309.413325803915,14768.845762959101,15947.080536452273,16515.936058261144,17528.020851987876,16447.280085312304,14885.904287213507,14750.697054729822,14838.776514123976,13752.396988977605,13255.023421376012,11551.67490941094,10722.396162537658,10030.210944979897
Simulation,174,9609.778255909016,10096.526391726578,10248.602649506098,10494.154970859392,11718.640747310641,12678.728755492943,12576.885897678469,12651.516638414185,12981.747721664231,14206.234087292922,13925.954892790905,15721.475593619896,16215.41821437914,15862.621596167122,16378.27946593166,16135.105910072545,16242.723927240773,17350.30236943089,16791.26114565682,15831.348599405743,14929.965286911558,13750.521679035492,12705.657369221866,11899.217440195407
Simulation,175,11595.063387157363,10911.021716043508,11234.256936861888,12054.918567072382,13225.539389582249,13773.763922004951,13533.455259101178,14203.741124859647,14780.31821075597,15756.255427190335,16772.316928067336,17175.34452212336,17934.500270374316,18034.509891388814,18235.824992729307,17866.085603136416,17583.935888142743,16090.376551277894,16215.240165567815,15209.877881537395,14042.51330589928,13243.335994373707,11860.500195338727,10806.194319395361
Simulation,176,10722.02274494779,10414.585374910925,10446.817131358512,11400.591792112402,12571.595097156664,13450.395572907095,12960.010210455417,13478.295931378607,13859.460899640526,14751.575396006416,15560.608374267402,16473.815762795784,16495.76825033035,16998.141544961185,17278.679971263067,17941.449262416667,16792.4699201272,17066.063454623625,15279.707190516594,15550.795262261903,13320.475930619832,12465.063967184298,11804.721411086457,11143.457103528955
Simulation,177,9899.010013067944,9684.882594662107,9476.318194618485,10109.285054985556,11231.677654079222,11775.744790003922,12397.340724367,12670.945552966887,14178.501365191747,15195.93180711974,15709.204544790406,16862.533928978686,17412.342737344996,17555.6531041904,18694.454079527233,18558.08575493509,18183.766258821186,16837.489658941253,16780.548773269777,15895.473918790729,14581.613889725522,13269.269075582928,12185.237978862062,11283.857882986329
Simulation,178,10505.550903113613,10269.521185874846,10237.360734941709,11097.309738620572,11857.77656875876,12642.552809316121,13305.542385980469,13858.23409089667,14245.85545677447,15190.081729104733,15893.200244783351,16963.44996246254,17544.07874062557,17942.250728173913,18235.60868330351,17557.969107258286,16061.628422985294,16153.32945814709,14940.428325780713,13764.015755124183,14202.420751159269,12889.231005473172,11321.181519630529,10674.341927185993
Simulation,179,10814.237394618494,10706.616701574163,10773.143427454863,11593.273553930041,12546.389809379678,13322.422343043218,13503.883693062797,13834.388740126824,14403.845660981948,15143.06291766599,15700.678191674242,17429.142022612545,18203.44738079901,18496.301468480182,19066.198995870185,19058.602819304855,18211.836180243645,17134.63033435768,15735.124593313172,15765.07348231044,14653.599930477678,13115.748627697843,11494.907346578617,11188.917800934421
Simulation,180,9463.509298199988,9236.12893475418,9488.213354845015,9941.898896765102,11087.025400140297,11397.437296651717,12037.821741530372,13430.927707417663,13163.04366026772,14771.812154894942,15204.042251029845,16620.96003580497,17440.576166152936,17607.864210825355,18198.192712762306,18680.83264140599,17706.07921570934,17462.57926303542,16920.67566943936,15925.480493459207,14639.6346551528,12996.232933409452,12150.07301068325,11274.509959883375
Simulation,181,11515.625887475162,11615.559240183466,11630.233846941464,12017.423458480993,12802.055906331232,14072.14692178659,14234.11467554911,16936.49224206181,17456.697737175073,18263.336759114944,19057.332254227404,20109.591995784645,20809.944913196887,21216.43021241272,21310.949231869214,20826.938177087086,19760.91826910044,19315.20681444713,18897.24718273505,17670.881916888233,16736.15182262291,15058.36008181458,13091.809553097059,12418.685209351206
Simulation,182,10604.422868878668,10441.28887258517,10364.435800281097,10801.718224757793,11969.8647669306,12063.319281451108,12737.73228845399,13307.051755399205,13828.294720593183,15168.026802015016,16636.44882335734,17078.92696333783,18043.898990185236,18417.417642620785,18690.397178630443,18206.465410247027,17582.26453392904,16219.312828364662,15853.246581353262,14740.28616460806,13666.83702495964,13010.746711974323,11935.488031870365,11083.422989424154
Simulation,183,11269.1913763408,11422.519689167362,11527.973069391452,12418.016481731447,13189.097950443907,14158.693671964154,14789.565566075711,16085.272871060877,15312.759604479776,15753.513523727288,16376.45811851252,17214.582954319438,18591.63514898973,18646.443888331578,19298.76384626766,19208.441954782294,19025.95046437601,18048.152158509693,17154.96087468921,16234.713231156766,15403.688814881149,13794.930129902523,12504.115774031143,12118.540463181384
Simulation,184,10475.917095832468,10152.186401308798,10162.017581632002,10755.097002928092,12010.199821284066,12790.367739495512,12251.158448985614,13092.978899536134,13968.256339678384,14964.720576545707,15448.678118295746,16476.80188248528,15660.234579857237,14721.308572582915,13408.477730906321,13033.823976437388,13577.889704139792,13613.194503420007,11866.68474620549,12198.376723098732,12332.67871389095,11333.254237097219,11122.972405785951,10932.324364190663
Simulation,185,10506.057409330582,10430.512961893402,10474.929867563087,11218.242418689326,12219.211922288869,13100.97355242935,13470.72299118692,13787.336540492503,14765.294389807372,15616.079903000915,16130.716147089512,17308.118638770287,17871.967680739333,18521.322282367528,19008.48608570145,18730.876276737792,18299.538212004187,17209.692957664447,16676.17169918091,15536.73687229389,13530.153142677163,12734.688364798358,11593.85485471183,10729.833282754687
Simulation,186,10839.045571670353,10814.522969774524,10641.659327479721,11427.560649671352,12708.949220091827,13106.768241808832,13378.482188495089,13741.947074658252,14323.646453952962,14979.648169744438,15926.658672389256,16919.13096027634,16560.965065659824,17676.07637698847,17117.04727536526,17278.219547126464,17157.508991040642,15881.130565204086,15635.804437180475,14101.979420724087,13425.059942114327,13174.371851560974,12238.858661214272,11514.476625837606
Simulation,187,11494.081417132073,11539.875340049068,11604.442673836404,11838.14049052967,13569.082561189789,14769.963332644445,16133.72654171588,16217.21721888838,16218.782937572965,17182.148947354824,18766.38957075349,18710.048450277307,19562.447825395797,19312.086642107835,20161.630593305614,19908.276691025523,19263.375810688463,18262.676044275242,17937.408368036835,16483.167647463168,15120.89576889052,13773.989629565205,12684.890335411474,12178.54041847974
Simulation,188,10615.589570874856,10083.97811263282,10211.9326283442,10970.74024399039,12377.59274307433,12897.213002153618,13175.41883745838,13110.421185000927,13918.709038769572,15028.062416737808,15670.309358896355,16911.08675975662,17746.715651472678,17730.9328397248,18299.339234584077,18251.580005894375,18151.527493924983,17616.9293614827,17187.4273230321,16151.099283037343,14537.879976208606,13146.05010175614,11849.35725212236,11024.944464054599
Simulation,189,11284.09925996798,11063.324971847416,11006.578298264043,11375.2904,12628.08639007437,13417.683791917229,13010.018050723651,13382.761488832557,14465.989939011133,15635.223749471494,16935.328126367414,17232.571824625524,17729.613432748276,16893.058673888496,18138.665537648834,18020.232312403255,17566.33979397879,16809.847567984332,16623.039966037013,15538.469809791732,13834.70675536056,13042.728792078506,11860.440858855212,11091.157399310036
Simulation,190,10654.572315666557,10560.468329008821,10438.850877181685,11074.250197405605,12368.08792118909,13500.090589992034,13625.944681708505,13891.78679892214,15453.791814758351,16170.03019761606,17216.92161602608,18574.39509342127,18590.92366175134,18675.335122787343,19193.00242555662,19232.76545980783,18799.17619192029,18645.28477327792,17482.882479885095,15932.798346454023,14898.624431314898,13404.304809968457,12110.944308700517,11504.873667455453
Simulation,191,10976.907585971978,10726.102242607454,11342.408570435962,11839.679015757489,13012.769520103566,13794.87803603566,14337.196471273499,14678.352466689055,14563.567861643149,15508.463922948156,16877.348274426397,17755.383816046964,18284.49902351537,18528.51195975905,18565.886232900837,19048.4899767632,18361.169093310793,17847.288178833613,17253.913150818626,16077.371594644823,15254.00338538537,13926.764439056416,13068.166120463791,11816.44737461713
Simulation,192,10284.587240042962,10244.115522590057,10033.522115167514,10370.907825120947,11117.438087344552,11922.014899161757,12356.459211295096,13194.131817151756,13578.985738509822,14253.434368159875,16108.009006280114,16580.304481561558,17696.059272814266,18077.76881560604,18466.585599562113,18224.835243361173,17341.795716407556,17255.426263976176,15999.533284003599,15440.80591738909,14403.250791076349,13188.286152004719,11500.386061714584,10949.667970831255
Simulation,193,10581.929591892842,10450.091012502682,10269.895972237879,10809.65090397609,12193.30685873493,13037.253129869687,13338.260062215546,13335.206985377567,14201.907780586613,14821.472519046087,16134.640000320329,17535.229927032342,18533.027753782808,18861.813715745047,19634.02747394277,19208.599771985504,19372.348842114738,18490.473130241877,17799.47253143968,17072.080398674545,15204.773744235687,13942.021090748618,12610.560415413143,11939.916722767552
Simulation,194,10553.197364072163,10383.205509671247,10418.68655697817,11073.70204922267,12147.011544266126,13080.517768386155,12729.36729324329,13733.312137899258,14429.135506913206,15664.293052795849,17707.459389667147,18094.566595318724,18496.031742197174,18394.259313520346,18356.42530138406,18062.13426870275,17686.407716188536,17117.372636189164,16484.30672190257,15576.413369901371,14198.822226343435,13114.037960154641,11827.83345831317,11058.482235715534
Simulation,195,11253.036825234041,11286.718819182921,11356.662019304886,11846.574076973648,12742.947932049527,13594.843078673448,13571.19737217313,14081.626110065954,15072.086816465771,16380.053620618648,15937.268821211925,17177.227124205183,17864.964560852874,18280.282225826675,18394.353750866692,18105.539814587137,17310.97996758738,17430.216441678607,16966.354724584584,16035.211478958245,15045.299089614256,13608.502515815962,12392.746117146658,11683.569668170569
Simulation,196,11249.148610225368,11086.605180990618,10721.974595124933,11563.01585648344,12976.927028224636,12814.78824452221,13297.057994845934,13971.019157759476,14581.656164537446,15756.071639698608,15983.277506202136,17463.72168490025,18452.283377804717,18754.5473771221,19535.645632978405,18883.41151107816,19017.639519104956,18517.596374153494,17611.690518716434,17080.1330606825,15283.729024581544,13660.056706441517,12362.765172831025,11650.939436813833
Simulation,197,10091.437330690718,9986.105660574372,10600.819981346398,11620.285863245244,12713.293114315235,13317.06817260361,13455.780611055594,13624.538846721362,14331.464995216304,15017.312291890847,15879.162303043171,17084.025484571284,18121.69763056254,18546.43725545698,18473.173222568734,18556.415625940073,17591.27304335975,16647.10943327016,16663.770858628814,15559.258625296421,14419.40244849325,12331.022214904628,11526.923352360485,10462.39608422857
Simulation,198,10434.186680807306,10704.523846165059,10560.035504717667,11259.628613282268,12636.496800895913,12951.704089408502,12466.47934410689,12732.85584190764,14098.841236669565,15695.954238574115,16184.417888851653,17755.138351357386,18774.113851532387,18681.939797428207,19229.443100059227,19036.50771883624,18478.045782360732,18132.8120706167,16766.437045712555,16490.620106653103,15094.544295891432,13672.21731923769,12654.768165140784,11892.28728127694
Simulation,199,10850.755015032939,10875.121278809693,11104.43588704876,11798.573324032195,13010.097564154947,13642.156095457787,13858.178847825997,14172.376436846465,15197.121023428655,16292.346175583381,16183.499029425217,16407.971644512883,17555.318788032204,17618.920073606318,17664.046614477043,17877.621151411582,18020.58619253296,17075.457164054544,16611.204592703187,15919.774442831736,14742.829232038732,13665.79728312308,12419.954286864308,11843.418071521579
Simulation,200,10636.277411194538,10161.47573891605,10697.83630711452,11220.714317927042,12484.5875200994,12981.894220368826,13168.32023107744,13353.709189602945,13887.894684580777,15416.143953420213,16679.155463733667,16919.804164029025,17907.19465360408,18351.37626504639,18489.80453732115,18478.51883372431,19074.243899848287,18044.81818513936,17500.67420443632,16125.801165320341,15031.938801597698,13391.557190804187,12367.980732154465,11519.568894081222
Simulation,201,10823.762411588774,10728.161914039427,10474.503311365153,11203.895831975022,12083.859871659772,12819.671687349877,13369.700426624076,13842.550669030701,14007.200075479543,15274.480388716729,16205.970656428879,17150.30622432966,18188.567974062553,17935.24047104452,18583.6304126135,17901.035435527283,18229.054022474127,18334.706966443187,17664.249060849164,16126.18195355498,15347.055346120313,13408.469219051722,11841.854700280564,10856.27856061236
Simulation,202,10755.534285437414,10868.758763753536,11097.985538870973,11628.958038494402,12836.36324717484,13523.070144823918,13630.559003036302,14192.852654283133,14804.717973875207,16082.986191981912,16417.890305772864,18045.998937518172,17814.951970707563,18652.84808256291,18889.16414351361,19224.772788230413,18697.81491125407,18157.856287295417,17250.679836892323,16292.316734984475,15448.176739284823,14299.151770756114,13589.63855107284,12087.41733502273
Simulation,203,10467.290113589652,10219.264555214944,10216.629369672091,10914.21006731427,12023.09195060476,12325.048288709959,12132.449103878123,12549.026816987873,13821.280173861242,14773.291427874105,15649.350007914567,16094.209392507662,17709.570505223226,18021.498260536595,17740.16446347887,18082.396267497068,17949.089029744115,17569.423988143204,15544.84532930788,15560.017945107635,14637.996593284544,13010.34272223839,11437.380445298133,10388.064501692797
Simulation,204,10793.29015116676,10648.676775274726,10885.77644620087,11162.206027555538,12039.798649202963,12778.594194355253,12801.882132309369,13433.059876361262,14428.427915418151,14573.08858551594,16001.1726251061,17054.92359238985,17569.015331763636,18271.733531361,18738.78657235333,18344.50774014494,17699.680679817735,15222.438104249193,14825.190971271782,14237.238880085482,13692.86401589395,12642.254155090126,11513.904202414044,11135.788152750047
Simulation,205,9750.10937082422,9907.489966198065,9964.077997931206,10812.971020069226,11376.490395657078,12401.793249144388,12972.701494127732,13696.62275029486,13863.599112890399,15215.61003008911,15421.952440158822,16584.732890451785,17693.039990575853,16821.88418622052,17171.384460871635,18114.952884801816,17753.513497120228,16702.279425096975,15735.310947333586,14942.245737084959,13278.943002403967,12465.88934124024,11775.608999500664,11244.209432156218
Simulation,206,10858.180365501961,11064.224349828723,11071.577805909052,11527.47488991509,12422.087404533557,13334.107087319238,13367.804070334905,14108.358199740824,14676.372624455642,15657.518001355415,16510.725093256544,17575.638374869566,18100.770410515375,18687.731102278776,19197.170733706265,18960.006627414823,18470.976755626933,18508.385663863504,17475.511258155642,16148.066852203556,14986.304035598036,13491.00899634039,12429.684913317271,12025.863328823172
Simulation,207,10343.796817547804,10021.9129096951,10358.526107524784,10621.051361349908,11252.504213748618,12175.127288985477,12722.263625268479,12561.96569675564,13102.9762365685,14255.810249556962,15602.34587168375,17089.698808225927,17343.66702520866,18072.728128255523,18195.324992863054,18329.71756172367,17374.46684156283,17311.320641929804,15727.608717288553,15316.282860222971,14360.01047237228,12614.929249772578,11572.874394432025,11605.03071234676
Simulation,208,10939.9113222371,10841.769450059406,10956.661340322418,11299.358065787585,12605.5702794113,13498.245119323356,13874.037891036027,14385.865854646574,15632.424447507927,15615.791553551808,16528.617822848122,17852.755015562943,19204.88145305015,19391.836326813205,19789.293935083286,19280.089244049555,19292.25434695055,18521.8122024523,17542.128738168183,16365.663176305916,15419.067673665717,14163.66858425254,12995.843773045219,12139.961167201682
Simulation,209,9999.810041147939,9748.37188927421,9824.219126048469,10629.09718996555,11172.150307049831,12311.974882688539,12799.762829464822,13504.723097978298,14036.285204360325,14736.155417272439,15756.716356636378,16539.89948678093,17301.012606698645,18128.119411640208,18026.69325746192,17059.301856277707,17350.27419317919,16204.033149912711,14279.409131608802,15250.271299701815,14199.419096711945,12440.437757113916,11692.286022045822,11011.612827713832
Simulation,210,10927.382952933483,10730.901306075315,10697.463736571202,11477.495602430094,12611.625517705024,13114.383057841982,13456.978022185382,13767.274415677935,14372.441348050865,15097.20972017552,15739.478953689817,16995.370130307398,17956.214390210673,18107.151313577666,18777.160703473826,18455.202989555604,17809.90982566543,16865.11960641015,16724.91803562645,15677.154837611703,14763.413685991656,13264.651279095531,11983.057056390397,11252.742073144604
Simulation,211,9635.64142764653,9582.900300584355,9531.49291921106,10165.95420215304,10340.256480087246,11322.502148322648,11946.799122262479,12296.83974203216,12536.071496637642,13345.751227731515,14599.58104996981,14133.790895731596,13533.756295542606,14844.633877844637,16452.362423695107,18059.065080404627,16970.4659600594,16782.749193542666,15067.339469942259,13260.604269347954,12423.862598540993,11005.555441308872,11214.42667593,10659.27701184774
Simulation,212,11036.797047827176,10751.318722823129,10803.420394586712,11856.12026559269,12387.807024389536,13032.321572774017,13079.090669060002,13868.145594836118,14861.948011111868,15821.079055211345,17299.535697134274,18361.874198070436,19624.72033118236,19250.95289629857,19466.186810707157,19579.48657725389,18882.090978190306,18796.251591196673,17777.593599953772,17321.813278290752,15506.28043140756,14033.278753616829,13243.767835199973,11438.09286263065
Simulation,213,10930.55323947064,10784.059387935735,10712.014735822037,11402.127569117083,12707.877499758211,13657.384441396971,13738.873146794343,14210.305302288432,15274.29559414095,16240.15490972369,16935.324506595713,18123.864145155934,18329.5167768194,19105.744164595362,19604.29319287172,19286.515818102987,18502.323613584635,18884.994125616646,17350.758432638395,16579.095723290156,15213.18662478447,13856.728030013905,13068.095582464124,12396.857450579239
Simulation,214,10868.442771247339,10579.654075685952,10751.725261421507,11498.50261400109,12354.621560152162,12755.402270048262,12600.647428309621,13696.083946868703,13881.046370488939,14653.663244144189,15859.453231853086,17027.346372908116,17994.532234610197,18158.42496078906,18788.70487759185,19248.94186714796,18388.461569537547,17173.638498484128,17317.41746831545,15486.180372701096,14882.954185745462,13195.41499954625,12347.014148313929,11680.962451424875
Simulation,215,10600.194960337965,10426.47447325208,10151.125369729427,10856.000048195363,11949.160233969693,12823.091764667372,12695.937859158157,13357.620501091867,13367.624680059535,14800.714775296341,15080.091361202767,16381.537133118387,17677.05613782721,17756.32275346156,18717.177673031423,18506.403961267708,18211.465477482132,17868.573963034974,17708.921229646265,17257.105330509166,15186.382830007433,13545.910262095596,12054.198658162077,11296.754711796897
Simulation,216,10656.971694339483,10549.801140051346,10084.043605258046,11127.878679058798,12074.624187605126,13113.470094888962,13249.4804761151,13768.906116228287,14501.911044377774,15802.980099932602,16488.077765594597,17585.826751468223,19053.803223355382,18677.68724840059,19296.286284607857,19408.473732481318,18858.50617463911,17736.91164127384,17170.951984159947,16284.936248698508,15328.422744575642,14031.837795347707,12316.039168216439,11013.992638065765
Simulation,217,10743.447844161523,10575.064354595925,10380.036868801217,11217.514549746393,12354.842796250656,12683.03901862029,13030.343055271363,13912.242786523359,14891.457127754622,16021.458273696931,16590.208708724906,17435.624679428627,18451.722279597092,18839.767403003694,19066.75934709712,19002.04493493597,18766.11477296273,17455.811062705245,16859.65330713667,15896.973929009864,14827.638307455672,13199.02198690462,11767.783652690201,11405.084349233388
Simulation,218,11280.91275679777,11340.259668438235,11156.776370443977,11991.079588910907,12775.924447253276,13350.104125216094,13684.951236389737,15113.839045390063,15404.623016775162,15987.388790319135,16894.704185441824,19125.05733250144,19215.03477177939,19378.895932309417,19657.03430664286,19883.829374628294,18782.05233336897,18458.415123564395,17331.485120255402,16040.74136385277,15022.038561434607,13466.146921171408,12012.903058420092,11482.27124481296
Simulation,219,11310.843732724368,10853.071507379032,11128.590084670226,11767.532695051052,12740.085714411607,14007.548990225789,13993.913887148281,14348.199553636656,14452.825764833895,15569.131329590544,16767.390546618928,18216.543790833108,18951.71836356344,19800.702617777686,20024.922188590062,20570.624100927576,19565.176008363087,19329.598295774984,18981.442386627506,17940.74376370986,16401.31324810668,13863.631864278928,12508.288402327871,11614.440844567815
Simulation,220,9879.246209085582,10171.42534317413,10258.975639729557,11042.044102030712,12591.23120853775,13153.064695827214,13187.568607539391,13981.009689799706,14234.695744730785,14606.898743660053,15954.780184822139,17171.539581622586,17980.140214081206,17948.822089393834,18579.215351335195,18571.57837512816,18290.400624703674,17857.89059273462,17401.249449672967,16739.71584710838,15012.424081366724,13232.904210627205,12051.393303745648,11549.882596995547
Simulation,221,10948.115366052305,10657.814209837687,10796.183240178098,11945.906854358407,12469.49807090384,13084.144301593838,13557.6107031542,13991.789369453296,14412.036865376072,14999.763885464205,15723.748597860926,16994.21589711934,17651.53492138596,17946.554312384476,18360.66705120504,18253.353380560686,17703.357355204516,16867.054720950407,16741.044922448877,15724.424112540763,14387.49579830165,13380.147593796682,12242.288870382146,11788.603606653265
Simulation,222,10160.815070453742,10171.386768609376,9961.104357397331,10555.624438081753,11222.402127787875,12251.839544473776,12481.020344745135,12720.740866744021,14112.13558877142,14353.037067019042,15943.386289934917,17094.567108532483,17528.841488401136,17157.16648069211,17855.35725074386,18102.8914256255,17539.92823019036,16547.522263999042,16288.362522490454,14770.421792290195,13753.339578967363,12171.57645937222,11462.328722206254,10852.7426860267
Simulation,223,10288.768072427949,9954.798601673554,9824.1445258506,10415.044601393425,10961.410775272392,12300.449341562562,12294.389226609981,12413.237826294226,12903.595251912426,13768.750392631264,14344.304047995944,14405.567526854082,14809.234678654422,15926.44421794797,16950.17640808992,17593.284804292492,16631.322487166384,16773.3457453114,16229.029801676295,15391.470330297601,13354.681104751115,12495.685061578664,11355.429418649186,9957.898085054836
Simulation,224,10551.6589244968,10188.664737858844,9910.007463591017,10598.659800000001,11253.134131378896,11934.662294305585,12132.433680711618,12236.860029446147,12832.792976630497,13600.876473055489,14711.607069465308,15647.012239212356,15782.46297267318,17564.44970405533,17884.055049605427,18230.309678439797,17591.418930586584,17253.10287788819,16262.764816091621,15575.277637625933,13948.854729802853,12279.973970001442,11822.474922274676,11233.656136540967
Simulation,225,9914.994002505126,9694.0454065676,9753.394270680292,10479.801056028376,11484.77025654927,12365.615668168033,12604.53970969632,12317.528933185175,11985.453078925408,12915.964781087216,13281.02595073473,14689.239401730145,15889.753375876417,16031.229199006812,17636.101687240087,17611.16686881627,16622.398537988447,16217.467185783928,15569.245522618281,15511.881230890833,14093.851648436012,13012.509483180684,11960.48585628577,11037.820430576403
Simulation,226,10082.575891531951,10069.267057304969,10265.843902991079,11087.95118071755,12002.8891001647,12695.303708494534,12582.354250747272,13111.855034297634,13675.065701126152,14281.817561312184,15518.036819458643,16043.232437747352,17229.826737392028,17618.671864920656,17748.41652373599,17657.024690074515,18211.226235823877,15971.888874435437,15249.030959697082,13773.673121410979,12542.677434467292,12036.34551389179,11573.345751992081,10277.700906061891
Simulation,227,10009.749360971127,9853.480685458644,9688.354187827683,11092.784776519455,12152.255318976286,12339.25661412079,12329.993448604535,12185.085061674125,12290.077743604716,12306.836350397713,13082.953543003438,14446.555469204337,14388.131412525976,15776.622581462587,15093.508465450152,16540.042821305076,15790.539028423555,15107.08214373799,15387.919300711232,15316.854828899763,14371.580765527562,12958.429945614635,11781.24085335817,11231.390895447095
Simulation,228,10497.078253260677,10146.506769870777,10411.549055104528,11119.569925572858,12060.01821912176,12583.31984505065,13143.356751243786,13338.78507696986,13651.933563877123,13758.832951488532,14502.784377826982,16405.8111851894,16611.404480648103,17638.496763087755,18275.754175960545,18531.943498201876,18323.100202413465,17164.49443716223,16997.408112255613,15806.148341490061,14025.857769793507,12317.13517609477,12056.873937270804,10921.544397892201
Simulation,229,10917.346170700604,10268.704570400354,10361.523301400386,10783.678658311284,12064.486310493905,12607.447920438166,13133.477743273568,13514.419363913361,14351.355629644495,16031.354284133702,16508.595971354862,18001.259208244122,18284.58334608644,18722.414637933107,19199.574997816984,18694.137327201213,18811.29409018507,18103.93701844499,17021.954948014514,16003.787319683768,14306.990037074502,13017.408718703193,12061.06769069022,11628.297540446501
Simulation,230,11009.493408628246,11380.284819001246,10795.562415898876,11606.534537889453,12262.370557220733,13405.733103138351,13397.004545401138,13638.840989279295,14186.1605148136,14843.624564666785,16020.932236527506,16817.818931575755,17827.791066676884,18546.345754873662,19301.275026351144,19837.04649553475,19128.205157646662,18531.77311806092,17205.749382004073,16727.852510025354,15425.86490691658,14077.597046735,14823.003551449636,11735.586798856799
Simulation,231,11105.095070416079,10649.88296879132,10833.528374589729,11451.015805799405,12451.719471821452,13144.7098373978,13537.360720425242,14088.167948242159,14556.074600492833,15365.162406354191,16521.353960092234,17755.4250896109,18316.99142322925,19313.49488846614,19244.950901182132,19147.78103350593,18726.972663000106,17343.25392370008,16772.056980965186,15538.61768649115,14538.277854078577,12735.311276951634,11744.41998869113,10825.91783483804
Simulation,232,11175.8673700709,10638.425358531262,10788.852686940123,11114.278443977915,11997.912137556656,12896.525970937244,12330.082734739777,13291.064521263643,14128.004203787055,15238.027675040188,15798.70219181199,17088.9015804723,17287.54097886255,16754.498046963083,17790.616272548963,18147.004846525262,17242.03386313309,17099.983826244887,15767.249055879489,15459.814611032554,13783.614419525295,13535.595345590236,12175.395876720295,11415.213540820014
Simulation,233,10140.828007431332,10245.059884448472,10288.382142401386,10776.76453008694,11954.146450054483,12202.25663864216,12539.008442713613,12918.842340366413,13136.232858595973,14354.809021388586,15617.65122167344,17151.808992186117,17981.54912617897,18107.27395417321,18601.93074100396,18697.918243393633,17983.26643005985,17644.251619489245,17129.06316604473,15363.192464821035,14420.114781752893,13261.493888180252,12014.862758106116,11179.585106630639
Simulation,234,9586.002094486264,9477.77342700794,9710.814794187709,10156.169768933882,10953.266032717704,11312.190445426506,11382.282440927596,12100.908976920357,12434.939849062619,12591.287361246486,14345.472716492532,14738.078578008115,14791.862133593964,16385.83112951239,17233.497647658376,18244.58457016084,17401.51432026618,16012.04984515415,15872.594234340759,14743.920351660245,14183.74644185928,12496.684270664799,12099.009151013648,11430.865630932536
Simulation,235,10804.119232892454,10519.803742949007,10616.691158278607,11093.325620579662,12099.226738865204,12786.122567327471,12569.53720697046,13193.939238065886,13732.49570468496,14685.880938586874,15675.744882453111,17036.158190861894,17582.675463830423,16809.267307197068,18145.26154453128,18353.3607522911,18184.268981542253,17901.54529772573,17278.44002426515,15382.599505936145,14214.451892761006,13259.104840156106,12353.472290023912,11886.649201283062
Simulation,236,10583.035769979933,10880.588562844592,11256.412750837897,11620.721255825627,12045.87438656047,13148.849379673567,12734.062699663076,13402.270887203036,14215.723414817501,15244.533144255502,15856.86901581114,17068.56671629196,17935.650116387114,18705.605110866505,19222.180258584103,19279.034704694295,19092.881534682016,17868.578938205555,17277.331605978477,16286.016720058295,14693.16946038279,13348.777926459912,11992.45750478619,11161.061338845862
Simulation,237,9394.475890388658,9279.571771188777,9039.403923480702,9985.589040021327,10652.65091040833,11590.619613457828,11883.229259495847,12777.678711767428,13312.583948565982,14180.794979471018,15925.836750976783,16077.706900900566,17568.033549122974,18022.748666444884,18895.596828073467,18527.375523018032,18119.35693501424,17629.2516943368,16545.454112101277,15996.176580108351,15189.837298488743,13582.322088856856,12480.450114394373,11313.7343368143
Simulation,238,10809.076280154788,11286.094278381588,11042.77871916703,11489.747834027226,12157.420124018918,13395.443483878462,13742.240404362892,14034.38007928556,15109.319186188546,16162.483752116634,16707.912183161672,18447.28774060485,19422.266232271657,20418.505707216616,19999.96438608667,19772.652481877656,19912.099495355465,18940.166098238384,18312.995027299858,16596.315104168956,15266.429306452927,14478.46692308671,12911.104207789915,11739.53532241263
Simulation,239,10763.557835757243,10510.62641959422,10882.717465555224,11256.894137087344,12584.37925444103,13491.51111947661,14012.065681394055,14218.668042630108,15189.976207366219,16194.365101725494,17734.820269017284,18318.439741147547,18128.680701387497,18626.835307491587,19412.448057291338,18820.501472729033,18423.81277842151,17831.04323154481,16790.09773515059,16006.85033641506,14517.045947738916,13631.911716373954,12664.241208574784,11557.98413343415
Simulation,240,10065.0502,10254.820851664446,10030.415169592938,10453.086366703175,12014.856888421893,13127.813384522986,13170.071136122075,13268.713285113867,14007.047655035645,15518.528160975602,16399.33567120667,17364.497340119255,18432.612753392827,18620.44806471405,19289.761128476363,19421.51574195768,18883.741122359035,19050.794916075127,18310.322353062522,17248.40349613658,15074.783528276394,13668.02704562608,12214.342283494305,11276.503347138636
Simulation,241,10027.463774237336,9877.599521251565,9423.37148786606,10489.167489054498,11296.803563446472,12422.463403316131,12699.745859965196,13660.728488951885,14176.509030233161,15312.081757212087,16478.286362182145,17184.666890311863,18528.51594603465,19004.823534438063,19415.898876405354,19408.660637140165,19204.759508630763,19089.430756150243,18428.875410524666,17320.334046273074,15493.56897392885,14040.484936740899,12103.49387082045,11582.703586229452
Simulation,242,10331.338578334042,9692.974981722025,10442.61057114692,11355.764544269468,12092.852720230687,13249.571211882578,13347.388032889143,13630.185175817644,14561.136427118456,15283.433203170991,16231.08231155433,17173.97789621743,18063.453314942733,18948.04547160943,19359.58282709658,19332.46238755684,19105.477072570335,17945.25004633987,17443.667017087162,16291.498515886673,14376.035195834093,13472.721440351426,11933.159815518593,11236.041896703764
Simulation,243,9539.243619514875,9671.310695925227,9988.296068014342,10529.74023560903,12141.15576247768,12244.370576502371,12933.534751119276,13264.02807404386,13558.230361757855,14800.154997386384,15811.677220273192,16814.51044557953,17971.196761699597,17273.4471151236,18435.88236713422,17698.485849680284,17781.55404205522,16427.397325435504,15475.491974371545,15148.361209602177,13209.677357312,12322.019363399528,11108.472164056091,11480.976998631792
Simulation,244,9911.173311920113,9865.286908043812,9694.699711934203,10510.430507290075,12083.857607024993,13174.940329120256,13425.273695119982,14257.667166182056,14645.424015795847,15552.713798990793,16295.823909587185,18134.805964031653,18953.193052632767,19166.941267202223,19928.999517018474,18909.766640167098,18653.54715507197,17644.300672625726,17772.60675224289,16630.620549103576,15313.602373433747,13851.443702062004,12570.268267540809,11243.555806662996
Simulation,245,10206.886109995583,9795.02624408585,9181.355878968096,10168.287553534361,10703.179001318978,11220.059485662718,11579.136839917812,12351.3391020159,11747.548614406453,13006.966098783341,13821.57159034357,14267.012109852923,15616.691921054706,17251.707921108606,17535.866108223334,18353.960227544158,17221.03605164885,17349.53051704442,15931.85526316192,15221.005643247005,14000.300701337736,12521.656899527607,11430.832229617607,10577.81242795668
Simulation,246,12213.419191078003,11528.691300924138,11299.49211650477,12258.547640961106,12885.34060347525,13573.217596568169,13936.667050367934,14672.368390525553,15510.964577866487,16359.85949378453,16656.30942802642,17932.452226482845,18617.957758910812,18751.437548846556,19402.73469701466,18807.19414356919,18175.733557480005,18133.957848451035,17109.807994713417,16055.375670899382,14789.503536991424,13180.468278668644,12275.556614410354,11316.380962750003
Simulation,247,10969.759823643815,11294.940965760463,10911.814701777703,11953.793809968247,12891.579080353315,13584.058907111876,14136.527435428065,14365.008894003573,14394.49832311991,15450.359152966455,16111.187437824665,17204.6165676059,18036.051231930414,18751.425773764466,19134.397852588663,19780.700376768178,18782.396365838467,17745.06018932381,17234.251659240817,16807.274093378946,15249.67469467228,13488.648630822041,12004.12391811508,11017.790128331579
Simulation,248,11635.537045034784,11144.39157157382,11599.749211119934,12127.173872341484,13722.44611823596,13509.32056893347,14057.289341692172,14239.334844812498,15070.6911295999,16521.547965029557,17320.181897427363,18169.906726057892,18895.4927144413,19897.646700948746,19923.86647044516,19657.230169183375,18977.89793954834,18412.661681217152,17540.51900884767,16842.100515374466,15333.423821169423,15216.752482509246,12114.009885301955,11043.483844913006
Simulation,249,10821.027751801383,10542.515467713078,11081.128171822653,11751.37032897164,12607.829760268827,14094.807989222347,13905.935346393404,13700.664256478874,14082.54037658171,14822.590894831243,15183.449169045587,16535.446787173376,16784.910936732063,17822.52463549563,18762.665427317177,19471.311682504995,18798.89244985559,18036.41015701152,17210.57266990062,16228.945500260352,14928.081005938613,13770.055648701626,12159.815895212409,11305.891654349287
Simulation,250,10395.396715741806,10338.630825225675,10178.566613205776,10998.176950074698,12129.111008567601,13070.062631723937,13417.974511314549,13525.090029173198,14255.60024328467,14988.919654924535,15496.27940252224,16822.413723378788,17837.105421844615,18123.92453330798,18331.608072743653,18867.94876391019,17936.328781345044,16674.35069239335,16151.205599746625,14934.690482847147,14031.710345210564,12537.43755544383,11450.251471141497,11317.968078909085
Simulation,251,10233.464106877149,10238.01550969649,10308.48036540939,10861.223160894377,11824.637886467046,12541.889348756766,12895.042129420146,13592.558895214117,14483.25352062768,15347.360374247362,16284.946738629076,16990.87537250309,18197.896938224658,18621.122867713708,19240.178978658547,19436.310574013627,20125.005339205643,19588.73613619493,18168.91798712229,16962.63073042042,15260.809674405027,15520.658725102829,12814.004160737653,11935.065631829175
Simulation,252,9869.303901655094,9638.508591839332,9584.096720989473,10466.913578464115,11463.193952131744,12375.930949405356,12398.73069095774,12827.817815565973,13103.82932635498,14097.721981777891,14195.044558083084,15405.16301336116,15961.550663944752,16971.36755049756,18109.611841921247,18502.36527818694,17706.3106089547,16999.097773543504,16840.810959077386,15705.296816557358,14675.854304908255,13139.93903482411,12031.513187999328,11504.866962731785
Simulation,253,10545.292210485499,10401.730426287611,10513.114540392573,11097.798727579364,12059.818575778992,13048.902575454273,13005.121183162346,13624.206681465635,14634.220739189177,14964.749633154728,16419.311356002243,17163.294281968036,18500.090202117488,18451.52703421929,19229.520693037448,18908.459017200563,18072.833099074785,16500.700216175246,15385.337828945765,15580.100047942571,13924.30973536519,12186.795186210056,11175.669942663551,9584.314345678467
Simulation,254,9460.237564525272,9204.885771082187,8977.511530250025,9884.99137201527,11069.429858955886,11918.795316951415,11623.573994976749,12700.015931378026,13136.20263429331,13478.302341107159,14781.777825176918,15505.869675526714,15487.819228751874,15827.239820156197,15477.810023329046,16016.150266712746,15593.55100926326,14928.907057465925,14861.797623061357,14056.362610410948,13205.016272388411,12494.129955232756,11431.816534393864,11056.666224392084
Simulation,255,10719.438829402125,10511.728991127882,10381.564834950495,11115.01233387078,12154.609827610004,12858.372789214256,12665.265712377868,13616.713635645045,14048.279961073677,14751.974915944114,15094.961132769899,16419.261661167002,17241.38629567372,17595.249053785097,18664.109379599813,17783.19358740454,17823.990118480742,17623.806797722347,16931.766658691555,16255.28308941096,14458.65900834945,13433.03663518324,12399.703115445194,12009.229819720873
Simulation,256,9922.399658477545,9883.772189816886,9809.172094049565,10353.801288189696,11608.421757004206,12698.380086563526,12800.973952060238,13093.825270485584,14018.205240455629,14851.165605241777,15830.111207418813,16931.394706052604,17762.98501033289,18004.54782081526,18562.505770885175,17918.546487292853,16007.980199088208,16867.900260147675,16043.384665877147,14503.659177668706,13163.102133175133,12542.45386040903,11450.987733377584,10871.615793489631
Simulation,257,11140.553982757236,10779.134843755117,10666.786753511366,11356.215909912491,12854.164664934924,13120.8794,13084.9229680286,13055.943539393442,14018.529251113701,15468.028889387768,16577.633508067604,17065.539204366978,18708.852737142206,18159.76281974639,18832.70672345274,19152.989815531328,18181.025919975877,18062.937871219074,16986.198226395914,15758.516031029134,14801.236309872174,13309.66425373947,12436.305543107217,11955.858403699964
Simulation,258,10844.371695812744,10438.837553690799,10812.453869078308,11251.18482684683,12128.67287280762,12954.884485249795,13050.976687226886,13669.919282458832,13897.335322591569,14962.210495211115,15454.549887321287,16850.89001170534,17680.189475956675,17569.273700132657,17673.879751450062,16867.86720869857,15823.72859417346,16504.53216927854,16411.791475132566,14709.289455417838,13137.723164796083,12952.301862147795,11972.293316442705,11511.0885855988
Simulation,259,9710.521394998234,9343.914587183928,9865.160494830734,10364.79975956595,11538.970172332032,12033.7198,11781.510141235725,12520.143724715232,13650.187819359593,14085.55819436533,15742.906660361836,16550.50202973594,17144.569563902864,18018.77148996974,18380.794292730432,18647.768356222165,18290.40605897718,17571.1767481681,15683.86329548444,15025.566066437228,14281.850953895506,12869.219555630887,12131.995115377182,11529.920778357422
Simulation,260,10343.902228269553,10360.09936784508,10475.815855065492,10891.711392381949,12132.42395035591,12806.520132971813,12892.956749639521,12673.493900809699,13558.876164102337,13543.622735313122,13800.839045344886,14324.695883783395,14963.024220684258,15653.889849541105,17028.738271499125,15591.245910299456,16204.408783940826,15764.021219584383,15567.361573149909,14328.75273318038,13224.775925999478,12160.764150396988,11138.296838788267,10963.175478095247
Simulation,261,10557.341984392018,10093.213198470195,10392.425378857522,11268.317567749318,11868.12087138719,12958.156342004431,13610.408599607776,14398.735213376203,15475.809427383356,16175.587902669708,16954.790952577554,18284.173021540086,18474.74583350872,18147.62487122135,19155.55213917344,18747.144561463636,18167.416139152763,16809.26779713333,16711.440672467426,15771.380894359974,14661.887007845646,13180.548455023034,11953.389317602894,11635.149671112484
Simulation,262,10338.721790764832,10389.627049382305,10432.596896632991,11183.56021284413,12128.771082218498,13252.249180429611,13295.096612833973,13653.40847412599,14083.952890489247,15090.56207866301,15842.409041797098,16460.051496982793,17616.535433190216,15984.887668945168,16262.637449340125,17224.136556170153,17041.52581823218,17460.232742923075,16044.125198009331,15964.573745099626,14926.999393049558,13837.083462748811,12275.431165110844,12409.24472640422
Simulation,263,11530.213488316462,11522.620512985353,12998.972438669934,12183.697739461211,14077.11551735697,14316.727364138655,14285.607849743643,16008.07336901129,16596.732743418495,17362.685544962365,17988.40836582854,18702.73721957051,18819.553605091744,19311.853439346425,19021.773582152753,18725.722613744394,18924.120552653483,18420.079229118164,17631.538343305925,16338.630108345358,15109.800045264543,13856.451993240556,12605.902627269294,11544.786350503964
Simulation,264,10613.490660543664,10556.147459355392,10675.664569527968,11267.931445570086,12526.181020701759,13424.831975407205,13159.887595675164,13683.746562326181,14428.563553139858,15197.227690991838,15995.049792409123,17645.095158566957,18303.184072140426,18006.294635519673,19026.65996839045,19185.56801735221,18032.92743976542,17606.978501301997,17138.673750000344,15586.527883729037,15023.551444208395,13480.49898435083,11382.85230142591,10924.579339635504
Simulation,265,10075.56609308979,10415.91722887388,10448.962748152418,10810.966010809203,12047.981467584545,12223.915378734322,12302.769911448257,12395.839394008382,13081.719356615697,13710.052481241015,15898.98494032274,16842.002480344185,17949.194711382264,18770.3617888745,19527.222372900756,20115.446657109285,19036.159141243756,19252.565013235275,17684.026729752586,16449.261705332337,15135.544561791496,13853.290148579577,12190.24599112351,10935.81219314827
Simulation,266,10923.132971052722,10243.904530144526,10354.409447691736,11116.522802599986,12041.253432320142,13305.66833199645,13478.811932835604,13371.310728427314,13842.005036201015,15244.6823144241,15962.786019298628,16717.844896125054,17290.147627439954,18010.746136646692,18566.717583707825,17921.132713934123,17780.453268896574,16563.30113264715,16043.969409096608,14735.359297079245,13589.898665602866,12678.334513685078,11588.04632082809,10684.25228033197
Simulation,267,10324.07879685228,9853.55622808715,10270.310812333692,10310.45519291011,11455.576051943743,12378.481319676495,11855.098945674483,12363.146951881365,12579.27161819118,14848.189582833384,15385.86204867952,16217.398265385553,17889.38896003127,18608.008622223846,18210.66024906777,16999.806566007454,17007.894878074625,15823.05023698893,15357.619972076594,15333.77340011068,13932.409662358516,11945.466169971338,11608.532884972923,11310.660883542076
Simulation,268,9633.488938040291,9621.173745872444,9375.36756666899,10112.967236245793,10544.130067975397,11280.038158623558,12277.636339935223,12860.858540219626,13521.831664257848,14578.476127498623,14162.927101129744,15389.017579547983,16664.265363729144,17133.215336015903,16805.464965626667,16140.455938786012,15844.087081757782,16127.258319158977,16633.644585736994,15668.369950288747,14188.536774783362,12381.642525063595,11241.886535865013,10560.154782878737
Simulation,269,11866.965817203944,11667.382345629263,12391.1825760665,13840.716934174614,13137.986390458062,14012.94447715889,13742.042592620262,13876.57746272008,14599.406635941341,15187.118847910551,15770.69275702678,16683.319725623638,17239.31978443721,17342.11123325354,18666.95342884433,18745.004962107716,18611.63751415587,17567.201125653628,16812.148334206646,16005.744612412811,14559.88089638206,13083.818948717753,11958.47718597917,11130.385948032228
Simulation,270,10112.795951316244,9910.688575239523,10070.319547506546,10621.670704324273,11742.759472239031,12742.789781343437,12461.87095177079,12787.48908131042,13414.587221450038,14858.401056455117,15991.02519947172,16746.80519060681,17500.43391865696,17611.132969504106,18321.031490397327,17684.37047649368,17432.14104643988,16723.620451239272,15787.828963600905,15854.077763948033,15089.269218465837,13599.784573457231,12124.932740591323,10743.245626090556
Simulation,271,10632.797593295629,10358.438949269215,10476.815494573391,11041.919026461965,11743.109555655434,12729.782692236502,12450.214904088572,12732.492737432794,13411.547527959201,14442.344761663146,13957.674598466063,15902.483058358519,15771.19155757671,17030.48174495254,18534.458126185476,18611.314121465555,17819.303563748217,16772.703480573757,15991.143205160504,15176.813603055596,13107.138527323606,12299.302461598949,11243.56990754068,10644.20512576915
Simulation,272,10405.546828553015,10259.830493506679,10318.537241201348,11028.833181128939,11831.409036251905,12915.59866817128,12309.490287202203,12880.82007852351,13635.277248983595,14429.066939482404,14327.302783595558,14747.245961750443,15362.927427322651,15889.148055259122,17115.070068097295,17613.978804646344,17574.57853159351,17957.874879963343,17231.47592374793,15978.652145131631,14842.986357859507,13388.19021314761,11639.580067178389,11274.186017156731
Simulation,273,10596.125581739658,9870.451291921685,10025.399154554836,10514.807310346347,11566.694829551787,12340.278204676906,12787.253780243864,13162.733092540106,13697.607332533664,14651.164794983675,16042.630455635512,16597.728866398444,18178.101018677215,18948.537561913516,19121.15912075745,18779.737900667547,18357.786684314557,17942.01233840806,16797.12535058096,16630.603651536065,15037.885445748409,13332.772883040154,11904.659388331394,10759.399439713035
Simulation,274,10517.503908825887,10386.81305620197,10585.346705322896,10992.151973981147,12161.691379388662,12652.548068457854,12901.85853450871,13501.518561604717,14558.083470592772,15324.157387725725,15786.276633246413,17589.33414495583,18141.803989472057,18718.311655679452,19570.294986276895,19208.657265638958,18883.810445849394,17893.879452138222,18313.455633563048,16883.26871251878,15344.941723765929,13757.072123101201,12436.129135385794,11625.138863207592
Simulation,275,10009.795569574319,9626.058427903612,9670.929607242411,10665.087473531934,11978.172333522485,12792.131101664154,12496.726624132514,12741.265790213274,12722.791328314966,13213.344478413954,13736.940597299501,14235.438125909197,14298.136896882552,15892.33311508062,15075.93551173462,15444.23116217706,16528.30034259058,16827.065474632458,16039.43759113012,14945.30451461731,13753.042900019866,12256.997170648627,11298.434932432136,10405.924545542208
Simulation,276,11415.481932266326,10761.661863489544,10837.672589410458,12182.458729162821,12846.515663841006,13994.331057339665,13937.86301235309,14670.232211467022,15791.243596863209,15914.92591546649,16359.209531186163,17609.760745596155,18300.05392780892,19130.878325707552,20065.74563081028,20129.39866112294,18826.771598868916,18373.873952571164,17064.955364517144,16077.772655096962,14807.663521500544,13606.736945692952,12112.637895124051,10984.798279805143
Simulation,277,10785.6119871367,10758.03358319212,10473.970115251912,11426.776714431202,12443.76318815202,13405.063130372706,13641.439843094415,14515.835186899856,14864.373063034114,15826.594364925642,17150.469770727545,17610.541579554356,18156.798295230597,18794.139609097852,19136.607618394108,19450.55753952823,19054.651338863998,18470.20049524482,18007.930488792095,17718.08447094532,15751.853066647693,13618.167406486087,12331.798045968822,11894.806479435474
Simulation,278,9898.586248471973,9876.622665421073,10120.382532862479,10886.165823651816,11928.130458662432,12737.494756506141,13481.162679032126,14210.4878558388,14894.701076179304,15325.013475194124,16081.446647224922,16767.467246511656,17701.828323340756,17596.326736133993,19134.48371548904,18926.406268131377,18097.695795930067,17822.34413048913,15729.245969280804,15715.990670139698,14382.533315515775,13374.651930512468,11923.672916783587,11540.796720752283
Simulation,279,10830.556932827292,10508.01627343085,10507.35547950981,11473.377017255538,12287.48954160654,13923.425705985583,13596.956814609057,13946.264353500335,14914.400171237226,15798.179620760462,16635.910658569723,17427.756453666625,18423.78478097296,18231.314275872413,18998.03986587381,19011.53797246236,18588.080722673847,18121.973134378906,17115.501108822784,15655.219019085695,14837.918075317739,13166.404040051406,12247.089965912231,11589.381368125943
Simulation,280,10359.434223789629,10055.937463859611,9999.997533426978,11122.783456538342,12266.766677361991,13045.647346852986,13048.769331533991,13220.322492836312,13837.607183924418,15099.258511946817,15734.232325461047,16859.2117525466,17946.517787913053,18507.369152620315,19021.575619624535,18900.006640852367,18476.889006178055,18098.03262756576,17226.799343625287,16172.495446478475,14653.807629832132,13092.599942043495,11684.326752738532,10884.574652473055
Simulation,281,10000.326509340503,9783.092940020459,9419.72039878926,10128.71657013516,10845.43868260858,10892.437878710134,10936.02417306152,11798.228738370417,11969.924916598993,13082.461153241169,15435.605961382525,16644.772241275663,17757.050863739994,17947.795890112655,18875.068621050857,19244.87947452685,19317.502092742525,18090.52024091277,17473.67832626944,16523.042699419046,15380.539915418194,13766.693091139854,12414.12853029657,11615.03177323067
Simulation,282,10248.660666641947,9976.83919892937,10657.739599999999,11269.2445220872,12363.510949671492,12975.880878789412,12995.770416748841,13826.124475033937,14360.572486761219,15297.70533256928,16347.621916444843,17460.0491713288,17718.53595000948,18559.819093093647,18503.0651998607,18509.392563061934,18194.380218875518,17524.87454612467,16415.926897925998,15403.327198641737,13934.062051587944,12210.572783044387,11165.053812194947,10729.910728759716
Simulation,283,9764.00325397919,9695.040760501386,9517.060579834273,10622.579129943339,11435.999965961468,12137.480184432043,12777.553525221148,13246.298828207897,13942.274235785519,15145.206435954917,16190.306878174488,16980.27442043607,18202.163358920327,18509.805263067574,19457.88087977209,19531.53399305123,18975.098980612685,17628.838393487946,17200.921381223903,15830.878753984096,14601.98277688794,13263.637826670827,11991.902857846038,11690.735245136106
Simulation,284,10497.959034344423,9918.713188043424,10127.367357042398,10793.574273837516,11620.01516957427,12267.769145455737,11895.787105074969,12844.37094168679,13617.1404074756,14987.118241417638,15564.543449305742,16635.154558389182,17864.915676944864,17935.378734692007,17687.045151881637,17960.44623719203,16611.437581442016,16162.925635983353,15596.163473571698,14524.561625359947,13695.795936612807,12471.077759312979,11335.325697510934,10847.103708210683
Simulation,285,10431.165857827995,10435.500598765459,10570.33919852781,11610.104763448624,13039.764313042282,13363.813815020421,13816.583637235288,14491.249844713497,15416.318006770152,16213.435430838193,16719.437571083505,17592.59885352378,18268.647557246746,18720.332389070074,18956.886330601123,19344.083633626826,18456.42985755815,17846.170303554652,17358.093364497614,16545.88265889526,14910.801181427707,13752.361631670747,12451.556189682911,11486.473187927711
Simulation,286,9844.248558759087,10144.121571295447,9721.50039563842,10286.073935653081,11399.539643157357,12140.969500774288,12085.99709961036,12425.777003862617,13152.019320601019,13835.252233898806,15602.6678817188,16588.540770963595,17321.84370697321,16851.473058091156,16964.66397345906,17882.804671394744,17258.21224503356,17415.66998472581,15940.26164633772,15308.410863791632,14096.558138767297,12480.163675519205,11187.866209893398,11127.304389931334
Simulation,287,11041.152144717173,10489.95943589823,10116.039289692822,11072.329730096537,12144.40450155144,13624.17302971483,13590.037971608,13594.665404047291,14440.813472403646,15419.05009103323,16237.565638654864,17681.232092508068,18308.014342602582,18728.005799733197,19186.160430449512,18869.849773019658,18603.029700903084,18132.929465637164,17679.963470080722,16177.824039595109,15225.37139478703,13380.156403757039,12124.266789753276,12007.651403475302
Simulation,288,10527.156923911854,10281.084981196605,10572.405036236492,11240.341248961267,12056.519377367133,12834.74986810127,12851.318948820466,13332.504147166379,14064.690176949727,15600.846787776778,16432.760826666195,17500.1883406301,18052.77783169665,18553.77388315062,18827.783086538468,18571.601309539274,18788.213937902336,18335.395665092077,16790.96528622693,15771.655136769707,14697.489216775348,13360.432476405847,11907.449942699184,10834.216400710215
Simulation,289,10420.751755888901,9911.550831617968,9648.062606136375,9959.156756582759,11626.923494631028,12677.746237349962,12309.90379387246,12850.832670173364,13271.083868614538,13624.269020150616,14954.64638140083,16416.330573673393,16228.150026468691,15553.304413168054,14855.982816002052,15433.592723315787,14545.72253049355,13805.314543669087,13108.593056763868,13161.46088464609,12015.17107255838,11916.72677869291,10790.803632457802,10445.261247962173
Simulation,290,11000.599595048105,11009.268607597243,11502.244061546759,11920.625831296167,12930.19880486819,13451.674489688441,12878.72278003316,13847.366956347898,14464.150291946911,15274.658449259168,15864.152290700787,16919.753870337754,17261.548701733736,17994.69629265219,17999.681878545638,18727.60756755876,17930.542212181488,17470.911438141848,17091.179082951923,15422.044991555967,14744.44738400012,12854.02814617641,11775.65795067686,10486.888984642237
Simulation,291,10358.271915229861,10177.457026922508,10498.214512648521,11077.120674657725,12294.233858919099,12577.793882001128,12668.564688198894,13032.895386749015,13242.506316218494,14578.258850552205,15453.221149105346,16664.361263901184,17321.220987148954,18005.54547453454,18283.35937226095,18628.436223563705,18791.245974659778,18098.020289681397,17349.439325503656,15860.025246683344,14720.09718809403,13292.026380926294,11734.079594182367,11005.913287152025
Simulation,292,10838.101052042586,10603.223103557797,10688.631082748014,11411.206103536359,12751.792873408049,13671.519497779627,13613.276104822131,13766.237192258079,14220.29825223301,15127.203618273299,16406.670904665105,17982.10744476205,18832.509837076414,19329.36080984128,20761.67247810729,20122.8437581202,18988.849436746146,18087.46743138832,17647.66712618071,16392.82511487416,15232.556224432927,13450.253515253475,12020.00457743749,11675.673496251151
Simulation,293,10713.190433928512,10549.967285224506,10683.609554967721,11183.032119976124,12197.90768750838,13154.451139020668,13018.86570298145,13851.471508037295,14586.944934448793,15530.576944754543,16279.124916907796,16920.01324382831,17147.535637446785,17127.517968690903,18629.43799576035,18489.687268134225,18095.828621076504,17169.50438517378,16765.365064708443,15828.498884364966,14918.616583519904,13561.829774875618,11985.856051835635,11258.166397970888
Simulation,294,10730.416892439294,10692.917657157232,10856.542560778877,11665.3316362631,13079.290227978576,14555.20898751144,14176.346745918683,15907.285531464933,15712.33245138448,16370.172696996822,18623.488896314135,19135.353173753887,20558.924607104876,20471.85964794334,19923.801768300258,19621.989365722493,19927.923298331352,18841.639739608676,18107.162241396218,17846.114344528763,17518.772177326806,15664.458371673429,15456.463879840385,12568.879305597093
Simulation,295,10100.935930680715,9889.61028405396,10275.117331827403,10647.966805080388,11308.120354719213,12682.282444985813,11991.369344635812,12016.068092935764,13170.465093859528,14344.973528685523,15638.771663996287,16904.872176284367,18301.63148069699,18092.424375392577,18856.50434724811,19060.15252187473,18545.476689667463,18151.064054564176,17562.532272763783,16989.19525173173,15262.727694593243,13761.307056112428,12799.360791732108,11928.44001945208
Simulation,296,10151.722751984422,9872.237541098844,10470.085176766037,11280.745408678082,12478.012913871462,13329.40339582389,13766.46824552767,14299.63092990439,14552.967131438163,15412.26369263513,16073.006092634267,17227.528706884936,17918.354449861887,18134.32505463122,18727.55128800921,18309.06895910884,17689.339343407835,16639.79395841536,16147.485108155568,14606.23755690816,12872.282303696857,11835.550689790172,11774.85894341831,11025.045390890895
Simulation,297,10538.208030250917,10620.762505998564,10823.766001786367,11092.659353975745,11781.689360035518,13183.232332257534,12939.210561053558,13911.694895919405,14192.639470796428,14792.410298555104,16067.994693318109,16919.614078691702,18288.303106852796,17761.651251456828,18739.554577789073,18312.023367022543,18246.67951142798,17952.686303307655,17540.50942978189,16451.317464875603,14794.127162366178,13437.879385920804,11958.49430997886,10908.393531004636
Simulation,298,10290.994566373933,10453.074320681937,10695.443107647294,11396.523842504786,12475.558587119396,12919.557429184442,12693.03106088545,12920.772703326338,14046.03671480779,15186.747689858734,15898.54296322901,16896.879709705252,17021.6892854341,18094.57539851191,18612.400037750478,18968.002768743783,19220.477609677593,18044.01528545467,17093.718000696397,15922.318144879953,14818.600555632056,13725.308258037061,12228.05507190182,11353.959528610341
Simulation,299,11265.494744950094,11086.385579179449,11018.949027355055,11876.095216688089,13322.573556596506,13765.337927700275,13620.868260218951,14157.468859169336,14904.76650097765,16069.379831635155,16365.787312777707,17674.1242430506,18764.14847839322,19478.926475197735,19910.053105178282,19323.289113059363,19081.816900759313,18279.309225389257,17525.505588507236,16241.191607685485,14892.810272062396,13327.290493100196,12326.828152977667,11586.01366461135
Simulation,300,10744.66937738301,10569.394917113492,10623.215369182253,11501.672289578852,12755.872941876672,13097.365777547799,13393.674740443661,14140.111948980386,14263.484643929396,14695.368035490597,15836.549940801084,16708.919566962613,17242.789430923065,17508.386301905794,17168.624120369204,17900.993693034492,17542.95416118048,15448.505730395158,15535.62409195593,14442.554565891476,14000.144674203713,12913.10098157594,11680.929937947038,10880.254084149898
Simulation,301,10682.86995311389,9984.469791271924,10343.899332631956,10823.608797179746,11848.304586502141,12442.885837865673,12276.474549506018,13206.22362601795,13605.415499689816,15173.367746633568,15428.215576227525,16530.327457726053,17755.829149277695,18059.02027682327,18703.842028104376,18783.928152743552,18238.695552982495,17597.861001825055,17210.68987254557,15677.645540413823,14247.5738409966,12992.375985690747,11624.602573080272,11268.074593523545
Simulation,302,10665.471516659953,11272.205771708028,10758.65681301955,11625.40739197386,12521.651168902874,13290.291845038839,13949.446136654456,15303.392946542786,16564.715335866305,16561.067575148296,18053.36869613129,18280.17523088243,18457.46218356495,18440.762683749195,18670.394647049034,19136.779355653616,18574.548941431465,17987.70667028866,16845.109674311225,16566.144422426332,14730.204483823152,13374.825576000245,12330.473193604055,11878.59562291292
Simulation,303,10587.637006805504,10362.148841403881,10339.68482518789,11057.778151264605,12059.289724719434,12897.20869967973,13067.275493416944,13656.162783798713,14637.80505804774,15515.651810271636,16669.096510693347,18301.991437604327,18895.44910508126,19582.297792041023,20200.27810951917,19752.950746804163,19095.526489694243,18061.66583975907,17716.402434844356,16353.41697465433,15111.404301802031,13749.934390083527,11946.442950691493,11109.440263873705
Simulation,304,10135.05322764958,9654.895144434728,9533.40077949841,10228.148207644324,11331.19806093681,11837.3004511864,12083.37258424352,12930.7607367143,13355.99777014377,14519.28687053577,15788.505531288396,16584.692652617898,17677.030642820366,17807.47329914478,18194.269907663733,18222.983715166134,17738.087269469335,16824.898840041387,16456.720676802168,15873.155859393146,14787.672595048376,13008.751489479708,11767.730911683951,10630.418795463595
Simulation,305,10962.856481835754,10039.194129020978,10432.474742234821,10902.350474482539,11767.566295633093,13005.380436689704,11986.668586201205,13371.064704542789,14165.407199087862,15206.649778167819,15761.526891346353,17264.38576161798,18002.23527167938,17711.54601828392,18694.168088314018,18543.422446717126,17608.02068721816,17071.314772670823,16981.263325088,16224.311998569943,15218.243300485216,13508.880729299353,12649.277247205591,13668.944249314913
Simulation,306,10106.009641917384,9579.95229765522,9579.05781977003,10806.607996647901,12211.490906882133,12917.82657387143,12612.473047681258,13445.569908408155,13951.280242460383,14635.159271983093,14817.032013747616,16666.324737454874,17813.46606801659,18298.47346239745,18823.955279745183,18699.99801228454,18562.773719224435,17524.104845061014,16296.257601502164,14316.6039762972,13317.335956060811,12691.402329555072,12083.683002548096,11687.013778667719
Simulation,307,10984.358856862063,10402.989060719869,10591.068384207114,11519.204068735884,12270.581930846694,13127.423153940992,13267.826545469108,12911.770088880212,13114.222638350942,14450.527556821926,16006.438782862999,17245.50936614762,18081.57571630689,18415.841708241987,18647.82941677891,17877.977760513983,17053.916196854083,15959.068973267538,16731.294409967875,15642.50426310802,14825.824712677553,13266.817866661799,12108.834954225802,11766.577560550317
Simulation,308,10037.677732912047,10226.750195625276,10395.085338796704,10854.723869522022,11962.45350904241,12828.27304690012,12612.235308347985,13328.203527577785,13826.930941662702,15291.610677517352,16127.04028665029,17302.416980620706,18182.010257617574,18014.185633522615,18772.11972822229,18637.455161091562,18361.83876583341,17309.09121119984,16744.795577724875,15973.639847396245,14343.14294554759,13229.84111359028,11875.271844149236,11451.468109260037
Simulation,309,10606.420030229785,10500.422678424507,10690.003778553873,11132.697383582221,12574.181080479717,13469.94776213917,13441.378433030384,13281.916311026016,13255.991341453413,14360.870742331199,15162.661535503039,15642.20742171301,17239.093199164887,17504.493757310072,18011.996492136044,18224.671084926493,18028.002875418217,17052.767130841297,17038.43767279515,15851.11507737079,14391.439670163949,13602.811997813506,12505.316977143251,12417.241201292585
Simulation,310,10611.282704929303,10188.690383379331,10464.028037047045,10764.42949468939,11459.817397380579,12004.655914162928,12241.350019760252,12878.335439079226,13910.979773236644,14454.378238884701,15108.686589818042,15522.767956403395,16520.35704259107,16299.645279200502,17029.92150635699,17035.954135326054,16507.49711856144,16572.40673313298,15939.447531950847,15060.444155266961,14609.70882209548,12868.194470910601,12032.542393997488,11161.134796569198
Simulation,311,10088.11055948311,10161.990889099581,10111.512910632762,10432.277188121558,11403.402836435325,11832.037079834869,12341.407827641671,12681.883242967093,12640.338831190349,14140.805378789673,14603.615360266751,15101.720478360943,16103.976136628022,16702.738604225207,18520.248245853476,17804.970332863657,17774.102532850848,16802.83860368803,16042.84400149762,15737.204804984827,14523.696802925873,12768.932168254778,11996.914415701482,10904.596439243085
Simulation,312,10106.53561204534,10195.809146500318,10307.734441954884,11289.103610455333,11978.111819706728,12418.009654671898,12693.06445578876,12728.696943131152,13821.71481861024,14442.658387827694,15483.252266409225,16824.121116275695,17457.154231451877,18234.780684793084,18809.605594001943,18806.737127101853,18633.841219003025,17868.2167605613,17673.611289020842,17201.388936346713,15073.987348360666,14017.400367052815,12867.621680702836,12419.52704980399
Simulation,313,10749.096481661909,10613.398770009444,10303.507168793176,10768.615763710279,12396.728701776947,12896.89778089117,12988.881360456384,13877.173905292337,14447.44392030378,15941.748512815155,16944.197681922436,18165.93296612033,19200.93560117134,19043.264237950956,19381.399749620112,19945.57336185513,19518.546487635715,18939.21284221977,17546.340322233387,16525.439953686586,14974.539122152242,13917.296567273857,12963.182686026727,12278.792034672624
Simulation,314,11323.153798482457,11185.425001687741,11288.990186173498,12426.941649019689,12541.222740288373,14025.590731333215,13721.216621415935,14187.046016993498,15051.218951397324,16013.947891468766,16707.27607366947,17648.78687258385,18000.86593849069,18457.425597469723,19171.31730615113,19425.987484461333,19189.770105687174,18905.942272014454,17669.923767531483,16751.127565329527,14963.886911515408,14087.185824743146,12738.163861593435,12246.770436927909
Simulation,315,10897.574215683033,10683.417373034737,10671.518386871161,11570.610841436914,12432.335378514657,13263.633076623333,13083.149292908438,13665.103387103609,14747.475481903375,15827.97674934438,16696.289220059207,17761.988737201846,19127.530662719746,18526.357222532915,19138.2190150504,18779.080376962323,18425.17656246939,18019.40082790281,16559.73376873225,15833.463551000637,14626.97731443792,13200.353643175256,12003.136619823355,10999.318094916476
Simulation,316,11421.968972762865,11278.133900128942,11075.016354383719,11938.391934014458,12706.089241317215,13312.213978107871,13103.522459684995,14092.48218570842,15194.56038776698,15779.989639810608,17439.328707023615,18026.249271117034,18593.265082689326,19029.72451982452,19743.828136491997,20026.035274750015,19304.39372759104,18412.733231918788,17678.22955029021,16123.439874275331,14911.950801129813,13587.082279654602,12484.528232407367,11455.69350727473
Simulation,317,10511.016311492875,10099.367714471235,10374.316920954103,10736.654568314065,11914.633293395711,12506.641041048726,13172.569862591023,13328.152850775983,14342.351640717025,14990.190709232678,15722.83563716537,17084.227623459417,17855.472973123375,18849.614416619333,18958.128902915578,19278.73833954984,18656.316281988366,17696.87866877371,17575.231001287426,15919.24946842705,14990.198171165952,13865.207403938755,12918.069924119769,12898.6729649529
Simulation,318,11105.268309939634,10734.151214905192,10759.274575946412,10977.431331712829,12348.492008645404,13304.513508149787,13003.882739926066,13018.001232521296,13516.533153495962,14489.42650035419,14450.7890983353,15562.656578152659,16084.589712081077,17267.66345282947,17146.115252951746,16781.434440458477,17369.719270678564,17064.142944256644,16736.05145280261,15896.673056959668,14598.041272169192,13009.224682538063,11737.676184196278,11034.35869807322
Simulation,319,10694.290351063319,10547.60157403741,10364.322787491554,11049.174032962854,12062.722204839612,13309.444803579298,13505.309521597188,13680.062824992247,13868.725615743962,13956.996227570526,14199.94191281833,15447.010141484174,17013.145497685146,17107.669672658394,17295.13637552098,16047.054395278225,15807.30686690481,15547.7943384755,14479.783569852612,13791.936295418127,12629.988197880512,12008.728357404949,10887.329966530438,9802.846344586353
Simulation,320,10698.677104805465,10347.297490164161,10289.879186347245,10961.39601831891,12157.29041946113,12789.129014225346,13226.953334134369,13651.466711501651,14196.783188868174,14973.152660459717,15929.24278243344,16953.26873216753,16835.964572183926,15798.588393589751,16346.92424670617,17524.296046533742,17171.431647190428,15114.401850990283,14867.231788502877,12591.195364410636,12581.132552238436,11387.700727639936,11026.51126095039,10591.90778355622
Simulation,321,10773.896565787041,10059.044434143823,10517.023000980405,11140.206701778974,12233.788907355021,12507.380186578821,12875.591453381448,13302.406123211174,13513.540010330566,14980.008616921985,15861.33011628577,16839.310459364147,17996.176103101672,17930.54090374051,18834.547787096555,18633.120364542126,18464.34995639693,17888.933687101453,16878.224943119123,15333.559872289785,14317.2409708318,13169.043410641967,12188.455737541164,11943.676096934392
Simulation,322,11128.436731064461,10892.959211065623,10590.822367147131,11347.786127074323,12126.05547472444,12486.527807901124,13310.539638803344,13874.68053913597,14566.842078111678,15648.74961917557,16012.168537165702,17248.102843283476,18116.538774876077,18063.138932249127,18740.10456145794,18380.797383442732,17642.90180157344,17648.811592091315,17126.934798163016,16016.200955904784,14564.051395518964,13067.6898,11833.156003439233,11512.51521183168
Simulation,323,10689.851832683542,10697.469216771238,10507.519714128584,11105.453096653086,12308.397279579518,12979.79332697994,12926.290942895748,13496.616011740913,13830.609306746279,14927.626048678181,15895.00929559393,17420.20100730879,18335.674665663522,18174.382967117697,18865.19081350588,18647.144600336593,18130.339883256504,17556.05725859793,16501.382081046275,14598.91733395141,13993.010905629131,12359.448714039336,11709.587601714318,11234.36303839897
Simulation,324,12214.040104375921,11060.886063356487,10789.525967863428,11439.240457461285,12890.659525262841,13447.840811833,13092.493542512259,13657.637898358516,14698.492409733057,15727.754709554982,16693.703460929708,17592.73859628054,18295.016925424166,18091.47694439852,18406.99531415289,18305.26751920629,17768.97629784338,18064.89556170441,16722.362663734588,14908.838856417227,14221.791194076988,13147.739641811515,12523.488417494156,11789.60944708065
Simulation,325,11194.183886213012,10428.10514276081,10697.566014443632,11412.074080252212,12195.239777725596,13148.879325755666,12892.705499535585,13588.070887494456,14403.559710217896,15386.032392017229,16281.348120677952,17106.07926674931,17929.684859428602,18296.206139165875,18854.784602927208,19161.32672806831,18752.971754642447,18695.307787717717,17602.92336239007,16709.92727883238,14912.341767564783,13852.002248077695,12131.316054954586,11335.230406866061
Simulation,326,10462.560503509088,10424.340393528497,10358.904865628416,10927.841551441623,12184.373763979414,13204.930042477934,13454.635762243965,13746.930592463044,14114.526628003128,15074.656388711981,16012.843836684338,16786.371682467627,17534.302161068128,18201.107565918108,18468.601715476725,18855.116632059286,18198.80806898332,17589.58237392975,16948.62394405448,16174.866119099854,14809.919696354775,13740.91840035374,12675.327229918614,11089.054998470474
Simulation,327,10827.413252576533,10753.195894321118,10915.525801579137,11410.581738149296,12436.197358878386,13546.39581571342,13632.384684139832,13173.537284648051,13929.207411789399,15210.672138393405,15751.864634751018,16471.12442352114,17395.463111748402,17116.390066270476,18136.469465590093,18223.102999117596,16748.363668537753,15467.39965803063,14926.354179143784,14632.94815953049,13870.28285610484,12470.928151995711,11589.739454091436,11134.574595758193
Simulation,328,10650.059545155582,10192.519979044175,10189.246267208731,10711.14922101126,11329.288347487542,12472.16308929536,12633.493992834648,12810.3802068398,13583.690947736412,14827.200160047154,15432.628163240846,15920.685411098899,16151.41380236154,16423.320651527414,17273.468049801806,16616.861911093165,17464.35119307625,16875.126789877144,15974.280736919261,14688.833496960198,13399.594228460284,12861.699955563907,11072.845338386387,10322.585328190653
Simulation,329,9867.77124435595,9952.914684319874,10074.840395074898,10434.294426898041,11497.280938652868,12788.759570520308,12525.710008073504,12792.506518549608,13610.57620424788,15367.188757588141,16371.358789877107,16916.19582573216,18199.486333692028,18744.600029358055,18970.23232218479,19067.781801219917,18424.25074323697,17865.726512521673,17184.47271014825,15987.43313914098,14785.27729622715,13669.28013973989,11702.130214339344,11477.927365598347
Simulation,330,10980.139729740056,11156.977273042892,10984.048273666582,11525.408435678823,12720.228710050318,13183.03062516499,13475.376001206023,13815.79491860659,14232.692018915706,15652.715561560275,16701.05078071221,17582.869861211315,18235.37464722197,18795.850198697404,19245.793271953844,18688.388949926713,18978.990670184212,17570.67769476687,17140.935040125383,16076.998247529773,15017.677490082202,13189.027773498128,12388.138254130683,11770.490614424049
Simulation,331,10972.716481180754,10785.424938953622,10667.113302189882,11370.477230440078,12220.431712551597,13133.744845343548,13162.259746213169,13749.65811803379,14767.29665528974,15399.76900954347,16271.395542992896,17995.68189730762,18749.14424383047,19654.4747470089,20253.233820746314,20129.475543709817,19736.904706588823,18503.91792788098,18561.294654532743,17594.988569098234,16056.590834402421,13986.821457151324,12502.732120964207,11779.364307457825
Simulation,332,11537.473673266828,10996.879507032709,11029.424951970233,11596.712354582492,13111.335995166044,13631.193199375202,13775.58947780833,13977.331481695352,15249.722966482736,16049.996253547968,16588.973973224478,17997.22098424492,19278.908186786743,20019.836803598857,20601.156718128885,19716.106339527727,19270.211793823215,18066.034033314852,16746.904052172587,16034.208538487788,14383.662933828009,13324.26473165875,12142.672355179398,11181.879957125673
Simulation,333,11005.74737435175,10700.866826638474,10696.698629179544,11429.94698747694,12152.234507903184,12762.559660642315,13190.238393985326,13765.711198498724,14051.475239306297,14984.828893777672,15958.003937626703,17090.55063722929,17816.09502002738,18308.473217526804,18467.896889325013,18299.485412632803,17836.73240478862,17059.049601468563,17147.655566054036,15791.30896375131,14468.601057240458,12958.392829717352,11127.908308435146,10814.431454034306
Simulation,334,10577.462035139162,10599.670300166472,10053.437137026185,10688.684979709271,11909.134776135435,12547.858120944698,12977.27112393898,13352.965027969705,13865.391226599111,15161.438989277354,15849.968518522082,16998.685184088572,17629.423692805794,17744.70390539548,18516.706994981774,17990.46338567863,18015.22640507821,16965.460427691905,15840.966782502444,15409.17153876703,14217.188491552462,13505.801145163105,12563.579331431696,11322.09460260617
Simulation,335,10954.051881316027,10516.874196232677,10697.657956611085,11261.952229267781,12017.658270946304,13101.273001463713,13382.668310809431,13558.475925210418,14515.855771135097,15395.576423028562,16110.117432094286,17655.92474157267,18294.452458476015,18618.478381382363,19163.186885113817,19121.442351326703,19169.90402345119,18203.6931987964,17196.876703713686,16263.088910999586,15096.009171589822,13325.128486929996,11527.5141411717,11526.347328994516
Simulation,336,10250.374699368112,10376.668075232945,10067.963802747277,10780.349660914537,12058.11427910186,12746.806583388628,13002.645883382798,13140.42724093252,14122.432837759046,15077.662610482143,16253.377619793953,17770.379441957808,18267.665380408263,18488.510448826735,19149.18833568524,19093.56328883442,18723.252141723267,17909.261330677553,17144.65881646908,16751.372613506624,15168.152258668202,13718.823733923244,12335.022902279972,11891.900289654355
Simulation,337,10951.740749428649,10809.661659101861,10621.800546975455,11892.542277648872,12851.498711224283,13469.304918653776,13048.567050016823,13947.429605858653,14500.859484843615,15392.754032357563,16240.116413204923,17950.297981450018,18479.863030991517,18760.69654625902,19166.219523815886,19145.86509451524,19101.303007015544,18500.16515996718,17582.847960131046,17348.454060261174,15111.148022871119,13348.300028486434,12618.98500439322,11855.01408102076
Simulation,338,10626.608024048746,10706.65816536573,10324.688627554335,11275.391276492555,12417.950046056796,12997.894037398471,12910.525007220565,13166.116752522677,13650.13116881626,13846.465319919207,14209.356959739565,15406.766453460385,16464.706221509015,17735.512536630307,18436.463235208343,18433.996595987748,18105.094053643556,16998.732138935644,16304.626011128037,15267.620061501531,13520.27038005203,12702.803352492982,11293.860444380107,10416.092952588779
Simulation,339,10823.144610188852,10362.398028169731,10456.305161329788,11062.320504652369,12360.551534516417,12968.817023108433,12667.17485233356,13866.054258057398,14458.216845704997,15336.177001964215,16612.09382296291,17890.56842102582,18278.328067625214,18398.501814072253,18845.109265327166,19145.733631929026,18810.612076432626,18388.623361671824,17369.968162503625,16166.620692501365,14981.59623991826,13728.929717365307,12638.440752852151,11794.454942202465
Simulation,340,11190.896418270013,10864.302539278575,10516.939000238415,11481.815908692464,12922.521310224236,13731.701123723995,14276.685320595818,14625.62640039948,15886.531995850997,16020.944777984489,17545.016893350607,18128.6636494449,18267.334014905147,19199.484125518127,19147.158104363505,19335.67641011131,18828.869596842724,18304.31803731407,17991.86263839407,17162.371029347654,15297.429877409117,14106.300458187616,12262.440164903841,11681.294043314021
Simulation,341,10402.089611488746,10238.623361070227,10289.361756741655,10934.32907427107,11147.32281683545,12408.110449763375,12241.508742683855,13179.172920953757,13743.316834133866,15092.588990018288,16047.25703447163,17613.01946752197,18285.2492,18713.38578533342,18865.37096548858,18380.546379960495,17281.388505803567,17018.66743028243,16694.2110528447,15617.630752118563,14861.074118047412,13129.244163043422,12032.736745188055,11410.037529740786
Simulation,342,10388.50004373436,10813.590006188228,10726.013425218984,11495.463563212887,12931.18544316368,13335.172076916318,13454.859660879629,13680.500694189835,14588.717118544226,15636.166028162424,16313.630709517456,17464.086193041392,18100.08366121092,17851.274892593123,19245.834430069506,19005.911045525532,18383.47271628266,17777.959591954335,16359.96580529258,15594.680855924238,14181.427990479475,12639.750112110807,12125.40046198702,11465.531539873651
Simulation,343,10635.079780534676,10381.596246055247,10208.106332509835,10396.903140970127,11363.735166766044,12591.57579603529,12787.851111082899,12853.257080164209,13510.209507698437,13699.238790437263,15089.635560826959,15603.037649971404,15843.65540989071,16947.98924735094,17358.90972179457,18114.049779168483,17789.855351597926,17903.528348418684,16548.772421106893,15890.760039164237,14606.443436134006,13606.403506634837,12374.15307231163,12026.49781054974
Simulation,344,10265.561890639063,10231.35711133241,10207.874361731569,11107.458747597339,12077.512720917532,12918.643894029687,12873.433261487387,13379.047402293645,14027.790603935899,15047.158994179747,16103.13762144949,16836.495263198693,18524.847468548356,18924.957574821092,18871.32329008219,19109.402480087,18146.793454132272,17337.529839134644,16519.230809385725,15609.493238830302,14241.53177658246,13043.927261664747,11653.683948645026,11331.781318297144
Simulation,345,10407.64798841985,10100.38178487925,10168.814008976706,10325.249419335363,11622.355806034238,11498.530198768593,12030.741994294409,12959.960180836504,13914.852859733051,15338.297734081569,16126.811971516212,17164.630312320634,18174.497103853788,19206.699280466095,20123.208184266306,19831.638998801493,18831.38470774736,18247.169501186847,17589.442356641317,16229.528127050597,14945.70118924912,13490.24797606721,11966.216668123001,10839.749173633725
Simulation,346,11636.390783125826,11886.878720926197,13207.599827272252,12509.601178062854,14057.259724360874,14471.975938722364,13582.835304264288,13847.251442965478,14506.40563850457,14965.040998791195,16395.92978930363,17531.935875249503,18076.064372420078,18648.84872960809,19067.178143961166,19526.74366975471,19375.479929868518,18279.061054307625,17494.056280867317,16563.488319238164,15731.851667948913,14133.026939954016,12706.628891241697,12052.572310099451
Simulation,347,10937.715858293299,10616.970193435127,10627.173363589838,11549.890045339758,12541.926557918332,13278.192511557907,13075.172764586949,13763.485164558871,14176.474647870067,15510.724434361899,16832.208287777754,17592.2727573996,18323.723691517018,18553.979508182376,18607.072845061688,18573.66966741337,18357.213639754988,17653.086847266957,16812.301121461176,15904.887295000637,14415.624019479394,13152.161102083119,12495.672423810673,11798.788766144318
Simulation,348,10661.294886465366,10835.62523138791,10885.612080559678,11508.982588430243,11718.290764205629,12639.514783883502,12576.877416312236,12895.266629920288,13488.411334184762,15052.338850118735,16045.99418783564,16928.409517556724,17854.0220394542,18174.396314870282,18786.7312940287,18895.35146769603,18237.397271007663,18141.911843716724,17531.82218129501,16567.218042404256,14833.772480443226,13026.440776275425,11979.8869207388,11448.655213799699
Simulation,349,10705.43852682342,10490.173712505177,10384.026002536055,10660.61368668899,11670.441155916686,12326.329977357966,12397.533181805007,13782.99196019536,14386.103427824362,15195.351011467354,15582.77037811417,16253.273753455289,17826.177198268102,18018.31173505255,18835.219658638758,18856.954941609394,18752.531923134975,17856.986353015025,17187.931046593854,16374.292761500395,15122.398916910284,14232.596928135594,13303.592943883486,13561.27962037148
Simulation,350,10633.80009383419,10586.150118456037,10477.15958919975,10996.66587013542,11836.669990864691,12996.716025432228,13040.857098283159,13339.684553370895,14556.07037108101,16292.13711120787,16864.887710708903,18078.788371455914,18600.478006201894,18919.870220559886,19486.615019929308,19745.47368336828,18734.354912490573,18174.11238162912,17749.89136487869,16228.513411522103,15244.27197212358,13258.854920624854,11838.886439862672,11897.542945973077
Simulation,351,11243.79043323472,10889.820606444708,10676.98445540611,11701.912000125567,12711.433007553072,13852.712201007378,14136.161474761324,14482.794443253539,15025.150908404423,15905.784102472748,17034.307762932793,17509.240209249958,18447.60126023219,18838.816355918094,18793.31018488176,18678.49101271316,17684.05961529441,16831.33379175426,16498.244057823646,15613.881608120306,14270.679715021342,13125.20320434578,11291.838590877609,10890.633733393595
Simulation,352,10632.59519030998,10032.924266807486,10292.38946556571,11143.740165100338,12349.3794,13155.282315083155,12909.884693874512,13490.773467843317,13857.331077346444,14757.396922475835,15888.727237853504,17129.100975136218,17843.525040777113,18502.861769484633,18611.284019983326,18710.490022057933,18050.039224936372,17745.047502486064,16996.870273685967,15671.786686165493,14507.312377202175,13249.87482833083,11917.18662812928,11304.883755879502
Simulation,353,11131.897908543568,10837.987854950392,11218.658729015971,11949.930790575258,13274.642020441674,13893.961205702475,13835.575986430787,15069.52888980355,16563.00496457634,16982.77182705386,17131.258177265834,18856.309511640513,18968.45542673575,18941.67575453939,19238.235925488036,19142.295643254478,19108.674634576393,17996.37142325058,17044.86992084448,16158.460843662167,14706.582125739778,13794.91989038184,12619.47538267351,12106.182250359578
Simulation,354,10450.018000127846,10257.892373203398,10504.056344335884,11443.141137006181,12109.821212777702,13274.940365440214,13128.623838684627,13192.179675441754,13882.556230491904,14562.75818715288,14586.473075938495,16103.922687520928,17541.628367472964,17613.522350767373,16073.230435439229,17707.300528216318,16232.674335176456,15312.498271293225,15335.634939935555,14003.772518153432,12658.993168973164,12305.22574032818,11524.721323855181,11072.881652262544
Simulation,355,10556.704562124198,10172.008043016083,10106.270537951716,10804.684935093097,12591.409970104407,13194.183502805448,13353.047018128542,13949.478808063792,14664.280427430951,15394.342196177484,16372.24435525993,17399.48910242636,17715.23431135377,18435.51159927323,18559.173240094562,18541.77943355821,18029.429027060505,17292.170931741148,16613.885197481304,15579.547221437573,13948.496851970245,12912.674119581503,12050.657795946267,11494.305876282058
Simulation,356,10330.798179861617,10114.917795640393,9937.415723360027,10488.072554067308,11005.403108846847,11705.435762429022,12478.169699414888,11876.403946539254,12811.424320731174,13964.060217973154,14786.30678422578,15374.430178499133,16917.36802035608,17194.087653252434,17795.36354711401,17683.006115457738,17749.615202183548,17349.587084917493,17264.232624025768,15912.270380341615,14539.974811537515,12987.0781081233,11298.509394080858,11154.78156640242
Simulation,357,10726.924888032449,10557.753710558945,10338.741245339746,11214.245441226953,12328.174177255472,12928.394360357965,12973.516519679324,13742.912685531834,14570.030183569874,15309.730787882327,16460.686959727693,17591.963203101837,18501.16725480476,17856.906546627215,18739.055230943,18688.652930783763,18083.020419062053,17455.428232103775,16756.979697012557,15499.254832729725,14898.233930214876,13373.020887631383,12032.550399999998,11152.322951671445
Simulation,358,10518.708235475766,10240.287927879672,10373.70910201201,10748.075242799474,12128.805231146358,12837.515134206029,13147.335942788273,13805.239534630948,13598.316957692781,14603.059370866611,15417.91438955587,16176.008788599669,16112.908030183662,16955.945367990495,16959.806582737616,17977.527311078808,17900.783194330503,17152.083713604825,17024.917582670445,15827.949594500873,14506.539650682867,13779.490361791413,11985.124069044492,11074.8707963176
Simulation,359,10877.010355032497,10768.27662087232,10415.82529023017,10872.31139244164,11804.619177849243,12712.449679797583,12586.163267353551,13071.192709604746,14176.576103338444,14773.57625327353,15915.628122385095,16511.75333189272,17518.709722334486,17035.510006284392,16858.689270650513,16448.713382244274,17471.93324844706,16735.377228003446,16019.397758496336,14809.569654208635,13591.776335300672,12882.156896187686,12405.735409210527,11785.94134341194
Simulation,360,10425.620960605138,10473.105774172045,10467.254276024003,11057.2932997678,11906.50308588332,12583.504565408142,12686.365023094842,13725.77619370677,14044.463153492641,15169.93267206057,16486.30813880637,17671.928350353228,18495.647309641132,19082.18579573357,19170.848731741207,18609.348221860917,18188.352492857117,17161.388308568403,17116.579979099486,15771.054026086877,14195.770472677732,13046.154831108535,11666.9443036005,11307.740935666496
Simulation,361,10674.344141969787,10632.427091931511,10224.463328483074,11110.083847720016,12124.359349091763,12805.54882774784,12967.360221240444,12922.213073874645,14321.416247441754,15195.941767680582,16140.012122489048,17387.559344944322,17978.411820133206,18361.39450178508,18987.078007441305,18684.122021942505,18348.494223694746,17581.13514007983,16999.882777971794,15404.296108967355,14347.196682283498,13231.00620834823,11609.08890614666,10802.108016370037
Simulation,362,10777.918674363482,10727.966602699513,10950.949485524065,11473.496128485327,12373.809559657318,13081.859072847563,13031.353923622044,13244.417932594533,14134.293798059854,15912.382314428827,16664.108372851275,17467.822033146444,18777.34865442729,19025.097415111806,18362.62165002398,19029.008766328654,18600.59084880025,18112.279802892834,17747.56730753097,17077.129735589104,14940.364972757472,13046.12457394676,12182.118090881046,11551.784028462082
Simulation,363,11084.429004164374,10504.092854678524,10703.617748854347,11192.83872630851,12116.91725155171,12786.964870140942,12670.225819865307,13089.32661007366,13942.72517074343,15255.463652885743,15942.267584692247,16995.787533571387,16494.855299508665,16723.718051794465,17168.06431945724,18062.302460467676,17883.77633234377,17241.16981002839,16776.176154324537,16057.818899562539,14740.815395701069,13719.38273504314,12445.092711117402,11513.745700228616
Simulation,364,10581.791901241462,10409.173803790733,10384.525551494975,11347.869504098293,12571.208619589537,13756.679975139614,13510.56566695652,13823.137710989942,14287.982769951777,15607.175324377233,16691.2796730436,18203.912078466656,18961.609465343878,19067.704801725304,19397.732838988464,19024.573330650877,19071.693198482837,18604.66176815043,17826.732383269875,16253.019900243737,15421.305122760274,13757.412418480295,12289.757486400402,11656.571980379296
Simulation,365,11117.424588222138,10504.067349678542,10582.552581015849,11274.85602789225,12655.732054608186,12966.70248370106,12643.31290986952,13013.861358229446,12487.079076711556,13488.789685037254,15191.14361870088,15862.903338961525,16198.328182805773,16680.858617180707,17505.20785227725,17954.931765111098,17769.48854223923,17404.19549444473,16568.78027953604,15599.844678311329,14825.300692722061,13359.58602468518,12098.263940003944,11180.7650261842
Simulation,366,10414.234769797038,10052.327987919156,10425.658742257152,10580.508563537722,11780.083194465606,12109.970147686887,12474.812097461932,12854.396575625788,13605.464999441523,14211.350604101424,16088.606436228714,17062.860114821447,18228.173624646824,18182.303301423475,18902.113344667072,18497.914590806944,18727.92839060694,18309.725034527153,17421.8276759727,16196.832601942191,14456.064247311268,12938.43824810712,11035.410475681272,11110.919012309561
Simulation,367,11477.652785077104,10674.643677049897,11272.513931469448,11980.797744038196,13253.926159183697,14330.532911695791,14681.556396742197,15426.4443284763,16925.48719914763,17295.787113151007,18495.331207509786,18707.807781017833,18614.092572136546,18473.994744097832,19233.10878419488,19113.648786935493,18465.31202646875,17700.417829469035,16568.708298350888,15615.493392586284,14332.101074221511,13500.46531998018,11811.342526353836,11083.526668375715
Simulation,368,10198.56776409061,10260.969414111461,10151.80310761979,10824.105244945957,12046.16215423833,11898.107598057675,11947.367146239041,12942.769550091753,13110.200602274555,13651.412970689824,14118.46243340008,16461.164023928686,17523.17524380508,17827.424604237403,18479.5811869018,18451.998439519648,18302.87948803258,17071.871405455957,16520.50993996578,15515.7242219501,14328.626888178273,12682.566176583787,11574.013111599661,10302.521534343728
Simulation,369,10573.637041919585,10063.158275689893,10251.703614686823,11003.530879559763,12147.26186820303,12980.160604003018,12786.561623273681,13612.300203837149,14234.541028132406,15130.25049092279,15959.794888041028,16998.667001634058,17624.571348010348,18574.184122149905,18669.8653487819,18152.790558965684,17171.190291987583,17452.858241093607,16405.83111182611,15504.397766370892,14437.400115136634,13118.925132803392,12189.187263767488,11710.977141396042
Simulation,370,9552.80781483948,9700.575130165762,9588.465919317461,10553.562223489125,11391.811770543702,11975.08402754144,11942.003655716093,12240.486128831912,13239.868667056202,12956.921760510573,13970.579202816522,14993.571091313564,17094.232304196892,17412.921162624065,18421.981913421,18231.43309548644,17831.781339151665,15694.81217135633,15357.652691683823,14281.731485704073,13360.600500426859,12790.969113463634,11538.994380222566,11187.619696116823
Simulation,371,10526.527897962818,9937.528794681302,9954.1585247911,10607.36672255166,11656.649829248456,12727.069653114015,12556.112791558278,12633.76037993905,12898.887264115683,14714.181549808522,15233.651340542106,16892.53680469871,18266.242034167713,18876.833573028478,19233.355584833706,19256.564778987457,18488.985390669848,17616.616924896756,17724.774517576257,16328.199795086259,15140.676776621449,13693.75002976143,12103.49588880688,10732.97623770733
Simulation,372,9765.23200635931,9569.599305857684,9396.724974317734,9977.54655431373,10428.866683612932,12423.623584463276,11979.442351863961,13597.791792366153,14478.559848033767,15489.855087883789,16208.21056268619,17684.652767893676,18421.773955048106,18766.830381661042,19228.089144868554,19213.993102474327,19346.08881342512,17976.81300282227,18249.48424282243,16476.14423607632,15279.715795640746,14065.80573475513,12915.179156566774,13734.532598991778
Simulation,373,11247.462097528334,10885.232372009685,10854.537901054922,11615.019228230432,12578.396748878222,13220.805683586826,13698.039513028192,13922.05601962528,14070.598755176505,15444.312146110773,16056.085148421693,17865.360510062867,18748.700108142843,19556.58940681003,20060.999253672093,19805.311849101923,19004.65719909452,19528.81577673424,18005.57343334552,16297.792722714075,15547.14761916397,14076.649803237211,12570.24350337505,11541.619021890063
Simulation,374,10356.062716461112,10366.50583813842,10339.343479338486,10918.073189299865,12332.708303767367,12966.06301735432,13269.742585544906,13647.36678645529,14309.162556543093,15276.939993409691,16696.36594331071,17531.292857781424,18656.258490774395,18772.73354011428,19269.8188,18899.302254992992,18790.531179033598,17708.040670456096,17203.620529185748,16415.67332615081,14767.367894465615,13575.812317943617,12130.304974132196,12087.115725576976
Simulation,375,10795.5561937341,10609.629881039336,10149.25058372657,10809.772494886387,11741.287496498222,12587.122696459506,11986.595086196241,12138.724791872812,12607.558483097342,13231.614872662927,14599.105567860623,15715.109737100056,16881.202130819685,17085.649994945154,17739.651214193047,16443.45575643629,17781.541011980255,17038.352021835803,15878.56501841836,14955.791911563434,13758.539799550004,12163.434075112029,11678.992615914389,11013.412013464213
Simulation,376,11177.437631902942,10695.847547405994,10916.754255215395,11271.524063564833,12219.389018802147,13113.136782415175,13323.927329826332,14087.870450668834,15059.453564208077,16304.067277511756,16682.946837465646,18173.34967409379,18395.008751165595,18648.547069132004,19526.715970850044,19290.59664892665,18790.284859052754,18340.880842833678,18226.20802411556,16655.383709844915,14918.363835723589,13246.17879566803,11881.833429839853,11052.638912285252
Simulation,377,10024.368384492158,10424.998512349457,10389.827838529527,10963.72794240974,12130.267565049515,12798.666882534348,12964.48771635559,13199.917304069595,13432.931908710376,14471.874037864456,14881.314139634052,15717.014710505746,17156.23104123781,17354.005535328568,18546.477160572038,17968.205085579215,17311.216019023308,15584.395413526072,15928.077756312163,14420.361939786457,13233.009581605791,12401.57168086822,12050.899501821994,11042.289366494837
Simulation,378,10402.09095231878,10267.437611055386,10393.702240908819,10770.668990519944,11965.45309959464,12191.072367859108,12566.712253003414,13052.38958449151,13646.034753275355,14331.864210162974,15880.941602963918,17200.666942326454,17812.614307975186,18360.371955413495,18534.740681852578,18015.84204919604,17858.116390360774,17697.48686840445,16973.208290179537,15614.053748644523,14571.76728465399,12856.543392139025,11972.792679948438,10931.575087091107
Simulation,379,11443.810852694842,11046.755886063129,10632.210850758716,11482.726528710016,12485.48165516484,14133.033602183888,14047.061616745106,14652.053896554346,15827.303083931161,16080.050248550871,16727.62236720938,17579.092215322664,18869.258601982536,18813.838197890676,19679.058502277207,19813.78948736676,19259.3724255387,18438.048364615614,17817.056408566976,16254.847491857005,15515.80490219218,13817.323968631194,12362.76971689123,11686.239152263846
Simulation,380,10816.348945666447,10432.839981195491,10271.697572303903,10921.414818700185,11894.995656969826,12780.571600224739,13076.794336043202,13439.853546295337,13687.88253823554,14189.798749587624,15697.094052384433,16440.041412940966,17441.48409049265,17750.500030609008,17582.928339304555,17555.331841641804,18142.25491131116,17289.841577206404,16570.51345950687,15314.4281877407,13584.721663102946,12476.608319759267,11244.873406430788,10492.379047547109
Simulation,381,11783.956463771585,13404.458602068858,11124.03941586983,11890.96223998903,13002.032145903358,13617.776670158944,14026.823313363615,14092.833735743336,14779.896404664623,15755.662118796443,16773.477923470466,16927.304781415525,17935.86462107214,17991.676052181618,19374.59203704605,19077.64605541338,18052.381089094622,17463.49823918641,17007.5339980883,16054.504006098012,14720.494891961886,13907.195835857905,13092.060808309023,12132.871284464758
Simulation,382,10320.733493754155,10163.0212190826,10569.057407107686,11237.517888794426,12522.469248082249,13662.681568447793,13466.859751658052,13970.966249551562,13757.913649707178,14840.475089723732,15459.184952452533,16439.44144450752,17555.905743819883,18165.32743768867,18728.240714200205,18509.090636716446,18390.887698737366,17134.824681478236,16654.7119781207,15759.120350090954,14113.478205355066,13665.107922659308,12038.189730302987,10883.185360403184
Simulation,383,11228.605103120392,10995.893849104888,11391.447429113068,11949.89599143867,12618.28211463003,13708.036046079478,13527.857565864108,13206.898859095985,13934.544113261814,15109.48576184961,15986.4163931894,16877.16157809632,18166.658888366255,18446.253854552357,18862.323028269242,18508.833619597182,18487.332646329698,17877.34451378104,16885.73691688196,16178.288584298389,14825.758902458594,13564.593883342628,12139.382197459612,11578.666023674816
Simulation,384,10706.76769577143,10114.973046864043,10302.093878919231,11171.956165360229,12189.585779380624,13339.524116675599,13265.473259863697,13891.567502888762,14365.307657111418,15539.972285190008,16280.285287865801,17501.606412109304,18474.2075651743,18595.019283739268,19245.659856771417,19106.165959935908,18641.959923283124,17536.701622806446,16998.596619893266,15812.670864159405,14877.417596394234,13815.29236641909,12135.745428518354,11303.541475224156
Simulation,385,10945.521351075122,10728.920828017464,10446.51090318141,11033.077786267506,12066.389862742994,12720.66620235821,12985.537315782725,13336.77875152065,13058.181269149069,13419.618976598264,14712.524772658406,15766.952938414373,16433.978299484745,17548.10816238868,16856.756280489917,17812.74487906829,16984.019614019802,17312.646962490868,16143.03992264905,14931.183761522696,13615.017072811517,11911.541922836152,10192.107244754216,9622.139086460309
Simulation,386,11707.858526843433,11517.131799665389,11381.983156278511,11943.223480694822,12758.113826332135,13482.810304546894,13589.92764374812,14145.94832367579,15538.269157072902,16301.178681006728,17725.22278360885,18521.965604318215,18775.827153213053,18835.856857045597,19805.212632341943,19017.951130965124,18629.323449788477,18063.116153301984,17770.95081316534,17151.4447580715,15668.893782283174,14476.546240217169,13291.21540163451,12273.009797154458
Simulation,387,10793.17338568885,10787.668961733176,10688.893072249084,11780.465074104734,12753.447767575833,13499.841369365296,13757.079506229265,14441.971084677478,15990.64974866439,16680.89598931054,17620.098403133157,18583.134817976334,18731.82635791805,18614.211060044196,18933.729240557805,18649.1662246501,18008.213091156656,17570.57823511288,16956.573213458472,15874.231654013665,15194.190936322075,13272.186884532519,12198.370399999998,11594.84393438038
Simulation,388,10481.322695836412,10540.817943863916,10295.612532214218,11242.46327559931,12348.214889550338,12786.3543397008,13147.995409905321,14004.696064221862,14543.122761716237,15215.44601703306,16056.080325261477,16813.112674978354,17861.58110639531,18418.094670760544,18906.742305740434,19109.254322123023,18419.416057870912,18058.507423291747,17897.829759369833,16504.530532136836,15354.095878303762,14379.202021232964,15390.087728578304,12392.034176514388
Simulation,389,11322.565506877303,12644.721844453,11517.318907235735,12052.668273510826,12956.726750907705,13506.777122107866,13773.467770689294,14547.586500650637,15140.033257254194,15826.935227895745,16881.413397608478,17723.91450807413,18951.231743632994,18931.71067516331,19600.451556303495,19502.269187218353,19294.79883440147,18779.841005911956,17984.322438174906,16710.703332682217,15363.215268328022,13713.943893657222,12378.223181013664,11664.420287582683
Simulation,390,10971.750084743971,10534.278002426394,10887.30342986775,11627.863951667205,12514.321572694835,13418.617866040144,13219.8486886106,13855.982448835875,14608.379113130628,16037.419593924653,16489.673177496785,17575.523936009933,18176.480343652835,18182.437953626883,18606.422938734242,18765.886290876544,18790.39471859147,17597.436199946183,17419.563815666956,15897.00316997162,14971.317140982881,13316.775775968023,11730.324307304923,10363.299785398753
Simulation,391,10825.73834932946,10096.188734943435,10034.488853753031,10687.857015816324,11803.902920454315,13000.031848037475,12842.843239471895,13274.401087211463,13794.811656652197,14082.002697545011,15147.149214995196,16595.032899349048,16553.331106663198,17760.071676653628,17439.92318898058,17238.041107976205,18357.308612533292,16846.26260362208,16463.991448086366,15500.666283982866,14189.046080054113,12316.916208899303,11120.1202,11206.342896803915
Simulation,392,10263.798092076631,10095.848595700854,10519.316193466972,11384.742434390912,12220.945376187341,12363.819750382607,12414.597964463528,12914.416318216163,14061.003332335744,15297.534162998716,15935.488166417166,16969.75087037172,17530.689523522276,17762.049416491416,18383.083534342815,18210.82689991932,17846.743972715652,17412.961210550468,16205.588932187915,15148.831239749044,14252.937480400718,13238.12398754199,12414.831100507967,11730.446277188232
Simulation,393,10205.44899463551,9936.636555534966,10273.238624282942,11084.812995793018,12255.309866764967,13265.766925848162,13134.720226221241,13859.238340228843,14373.65710975197,14828.511989152415,15901.640116534645,16919.936763844074,18033.437488976015,18010.544844436004,18987.355214384315,18204.680882374352,18321.689795177652,17730.473546742214,17298.551780930495,16320.747188517169,15169.882228853077,13669.592237984729,12487.906779149464,11343.652516951894
Simulation,394,10574.557536411685,10616.970546325452,10879.699538739771,11564.44500443658,11841.028138121903,12943.364776568194,13377.89955118279,14433.413456407512,14710.53299733041,15338.899149761297,16226.403404772873,17337.243149816404,18508.778342360856,18306.60090088226,19540.418342688525,19634.151042034126,18909.3740322152,18290.15622449097,16852.202419854828,15831.404281054758,14728.108752371798,13180.868568835745,11759.88966407577,11677.220889314141
Simulation,395,10583.52191876454,10072.773029724262,10135.663539947285,11168.607824846327,11822.87830971438,12772.507741584694,12550.078728246768,13431.255118736244,13207.262262468601,14132.823853067917,14855.678592565526,15716.875865609458,16856.620987643983,16114.835348668621,17295.59603953159,17694.936397231984,15744.93998063636,15570.697660780184,14882.244465169832,14294.189108660003,13295.641860291697,12904.012805187223,11026.010473765224,11107.469383207814
Simulation,396,11109.455396548356,10954.043732656946,10879.60366281152,11916.76379416016,12651.129908550072,13201.031081521473,13074.326790967474,13897.29597710143,14302.945582969978,14963.96610891925,15704.18674660167,16934.68734591021,17827.582773226128,18081.87397248164,18627.82483395683,18728.15969930617,18155.19211622088,17809.826655376757,17435.8066193939,16504.75740367729,15409.83572459379,14542.350916220015,12830.08316319219,12197.222146171947
Simulation,397,10539.09648790738,10550.258259789018,10557.658328728654,11027.340625587645,11872.421537767865,12575.363453478782,13202.755614284326,13421.836926702932,13579.282668427675,14330.991991421562,15531.464691038933,16881.73292617279,17562.430266711,18039.552690408764,18699.562447741908,18818.54663653455,18281.065589226102,18101.16149298688,17349.262903431092,15996.169362175642,13614.737460538627,12553.237499361383,11253.3779201523,10896.718342772861
Simulation,398,11148.378351368732,10494.74728552424,10635.287300904358,10988.173648006888,12201.480121297513,12646.815425032763,12776.42132734647,13435.437887445003,14485.02725776041,16025.152278128335,16302.627636513798,17105.277758416403,17691.72837855694,18437.66813346096,18745.048491056757,19241.86464527239,18823.794130809914,17482.72048202033,17273.09508499114,15945.774768371874,14711.820026483108,13570.650483440475,12354.767073960582,10753.188950912661
Simulation,399,10383.68164361227,10135.334574710065,10354.079375235982,11339.195245995448,12482.936147253615,13203.004389352178,13098.86197197475,13453.117926221064,14477.17093480025,15464.135533021094,16434.01404122076,17652.91087799723,18224.502840656445,18742.599479515942,19133.14174168074,19051.804140282682,18763.6196,17534.112030089156,17474.120929406068,16745.701309394506,15185.24718257803,14033.086050683554,12107.744913745351,11310.474836185842
Simulation,400,10673.97718362427,10497.707032842023,10701.803618482321,11837.349483832306,12996.192774589088,13327.876986341664,13285.032876452822,13972.572334670782,14675.11548381697,16010.734009235319,17143.21087601467,17701.66078001378,18657.907508899443,18976.46389887169,18912.413226699922,18319.561669452396,17518.70427652079,17096.351197165826,16074.960496176742,13920.199942749303,13289.21176386558,11936.236953643827,10943.005034587553,10558.816097290339
Simulation,401,11450.783326833378,11334.871705019545,11430.687847701713,13044.006555366155,14767.5504264456,16454.578186622344,15801.623708032404,14728.946739015233,14258.869048254392,15614.059680614968,16290.46240847522,17588.96864417114,18534.474073946694,18223.505021721612,18529.625750349343,18965.200944338438,18525.479805407867,18205.018001732507,17849.19443046314,16450.362860393212,15125.36204413733,13833.609689291912,12425.80411846163,11173.242125012375
Simulation,402,10265.555797793084,9901.370793881517,9861.530679447056,10038.42515044993,11439.839739288036,12068.408529386312,11624.00572033679,12254.14812390161,12014.20935350021,14097.735265712121,15993.399740015859,17194.549017973266,18045.704397023073,18378.601569728246,18834.069204280666,19057.6163408242,18433.37925857476,17560.395352403415,16545.672293010666,15807.299554874338,14796.179627608732,13340.61477196007,12355.17117912509,11373.783563178406
Simulation,403,11355.54870477885,10742.709943764368,10732.159528222472,11404.296223686819,12371.911906479078,13301.351133543243,13383.15153905557,14170.616714417776,15149.61737633481,15855.24122194077,17216.975064318078,18363.14893012719,18965.114925163998,19437.93635684212,19788.71869726437,19803.60147543751,19104.347532913245,18911.84170535413,17983.277530773983,16610.314621651458,15750.142756316152,14131.32260386198,12504.767679125389,11646.748442585587
Simulation,404,11199.19645497511,10997.849209590886,10863.745178585805,11771.358635527922,12919.742815268206,13454.642184105718,13203.118191482134,13939.379198817129,14572.64434900992,15311.920430867547,16367.745548019131,17258.55969726872,17437.86054094145,17530.442497006563,17692.497614550262,16715.342284036058,15834.270357400883,15232.27132702612,15385.619130790454,14615.941907595881,13469.985961946955,12432.221998799314,11217.880105389617,10902.587441124826
Simulation,405,10400.216349764394,9963.594473462505,10296.191244486798,10950.680486067626,11720.764199511259,12655.26987374805,12833.38585621166,13568.081330112753,14445.691488975433,15380.776614981973,16073.844331508808,16864.820065077685,17864.874742248157,17954.707419332644,19173.537672968196,18433.98973532324,18221.33188851817,17159.897772920373,16394.02508516308,15202.370714382687,14170.063533236496,13111.188420996668,11890.242369118516,11091.651459670535
Simulation,406,10405.159212640472,9742.779541069973,10068.836499325282,10727.311803880426,11590.234333134083,12648.025731535407,12807.073299421601,13049.580409449427,13503.512813393962,12899.991706778354,14917.973013848605,15074.49695270148,15630.692886019238,15367.696956142383,17049.57218132778,17170.310439235953,16309.12359372003,16960.457468691406,16831.97029783664,15925.992802329882,14419.410050914776,12987.100180709758,11139.811672990963,10718.384468770286
Simulation,407,10373.80766028327,10095.886411593496,10226.545999710717,11036.049715162311,12345.751776440495,12716.104934718725,13114.132330797429,13420.644211464394,14231.473200247185,15141.813552774845,16279.180278161919,17347.900672818727,17942.019382362767,18733.78406390021,19269.81936043762,19357.800205370433,19097.72069504309,18132.785828354885,17628.8487207874,17031.46366889147,15275.774393498448,13903.27576726833,12359.621300008746,12025.67851885978
Simulation,408,10768.768919154803,10707.179592002592,10674.783233121057,11400.185882902031,12489.191819625017,13156.720108828222,13109.838106593665,13082.960521225263,13835.481562188304,14913.400671044194,15170.292820002871,16722.968215904748,16901.11198630848,17756.067287331614,18482.24776558832,18610.449650032435,17836.819849539643,17417.014418377115,17174.761517464878,16012.41331315057,14547.225249176485,13246.919412334944,12215.3850711733,11504.876269038288
Simulation,409,9991.535615053266,9664.01507376038,9892.192197147004,10750.060069048233,11651.11230992677,12527.362592764604,12754.973083990617,13067.014064775445,13603.851158848274,15299.510342968706,15742.985595332708,16963.35477210975,18133.13386692697,18639.752228649846,18783.082741006994,18697.830942895922,17753.961771703598,17781.516135125057,17294.12038286947,16494.03421207315,15258.02380095813,13427.789998185879,12056.903816177479,11369.367896734791
Simulation,410,10249.887314500975,9729.543523622895,9775.38365191715,10535.779551637661,11693.508715094922,12230.968372537438,13162.257833001835,13421.253823300725,14012.32342280415,14470.44315155964,15590.69410123678,17145.68095598985,17306.256353577166,17823.015143889876,18562.504261780698,18146.928935524804,18328.710352035156,17949.902409472445,17262.427632259303,15963.98100093204,14656.47916257553,13206.279766152624,12469.731637325986,11083.0620808849
Simulation,411,11342.498003857729,11016.89690441035,11234.219543670546,12083.050756161003,12982.604551885606,13481.241174919289,13195.715383742512,13872.153299780712,14450.188510163522,15058.542663416385,16951.48805400014,18466.102310737566,18943.363132701495,19007.97667393502,19510.41033651876,19546.43684336796,19118.196974628965,18194.98413360789,17498.556679327226,16634.789194213816,15564.532949658817,13767.356220744705,12361.623967862573,11879.602570498528
Simulation,412,11025.196865471016,10503.025946698343,10531.459195942769,11405.394404416835,11851.775133485668,12543.977850305364,12722.1403001317,13829.546234922555,14516.937395115114,15193.677428920035,16031.740551095114,16976.657950284432,17449.46335756401,17892.055224146683,18749.648238205456,18707.65422605059,18121.55994990204,16891.02374664703,16921.838561313365,14872.531500776346,14085.939100409418,12433.409378847373,11874.276430361038,11365.594639540686
Simulation,413,11153.285315766083,10547.764187628582,10545.259856942146,11829.672471087279,12539.41708723571,13375.04102212214,13220.041010902807,13610.662429801616,14231.174382373609,14499.192704259289,15202.62436084834,16469.88228192861,17691.031330285285,17991.4785053147,18704.875928565445,19063.404951655597,19102.737578477645,18811.44225071189,18367.833686565187,16908.855947747197,15033.738743235108,13309.089335562849,12387.801398781325,11760.018990390094
Simulation,414,11013.288945762617,10902.28407377989,10737.108805328484,11934.286847901707,13152.79437482786,13547.59847165985,13860.015844663789,14049.868849169961,14245.942343589282,15367.176344848629,16728.672031027138,17209.23707898845,18412.656817874005,18566.62656353644,19498.01821053039,18994.198315536978,18668.4036883022,17915.00750391966,17129.307176065682,16530.65522229959,15145.308419050387,14143.212075470768,12389.731752951506,11960.88027309824
Simulation,415,10604.427666309253,10188.619974442736,10474.157796827349,11110.11713959876,12028.038262905724,12826.389694124777,12800.920684463716,13509.14856803654,14452.677161775424,15544.964134326505,16299.220760239617,17709.270125720366,18645.333386374103,19657.443855429887,20504.62761886001,19598.03040473058,18867.1469232641,18961.17558792764,17708.31662454084,16131.760960479756,14481.13226281055,13391.31644052994,11488.088334863533,11181.22667124458
Simulation,416,10894.819747279198,10555.539592617768,10743.040827035864,11208.088557990068,12098.371148072896,12805.98682275653,12693.246518640353,13180.638752057348,14028.407616932867,14290.350204308328,14431.072023951061,15854.657562568185,15946.318463209649,17824.300837861152,18468.53000480276,18622.185392811418,18144.248353223826,17939.634841291296,17135.69127345796,15808.005884759143,14730.096990838361,13573.270922190284,11867.501699663764,11745.14992865629
Simulation,417,10379.173996505873,10161.651180419945,10364.622640552669,11096.496942452786,12360.33093864308,12697.85275460017,12946.280467844083,12558.790589495673,12409.756795734553,13289.06029772455,13456.833327706061,15074.29620054519,15660.377989162918,14265.535675774381,15333.580151161936,16637.94237200248,15670.88558104777,15789.211686010003,14814.627467124814,14483.898748601612,12806.58574274862,11499.721766002962,11259.100706018238,10720.41550480886
Simulation,418,11042.165574343353,11278.092544035459,10878.821788794814,12010.62559755941,12762.30299398747,13629.677217323842,13914.832940444172,13927.577339884418,14222.449467033519,15107.86740938728,16155.485947960779,17451.0569970702,17794.630325069626,18091.89498829226,18488.488584259794,17594.341933108408,16757.126024445657,16425.752019729527,16647.858121293648,14663.310162405403,13752.279255906516,12410.045333567134,11568.089095248504,10777.195918741902
Simulation,419,11301.11947024819,11090.104553765133,11053.041798860524,11605.465166376873,12837.119277306525,13540.342894547213,13803.628502508785,14496.259749678453,15292.089976490444,16713.118876778706,16912.2642890871,17714.734565713963,18298.975634644063,18676.950605368253,19165.9972722136,19135.541983592757,19198.795721691957,18616.153776675525,17816.99873731608,16651.49074123774,15515.95845047786,14355.179192976706,12443.093531785502,11725.949731140507
Simulation,420,10411.890651176025,10642.992680411116,10495.395761279295,11528.79924782364,12824.53383180951,13499.782391210098,13291.371470142176,13653.065561798308,14101.417831712592,14823.240588941893,15767.044913793427,16769.57569114895,17025.247933559003,18097.933152292924,18267.979161202085,18503.656520545763,18053.324850513156,18162.29078365418,16774.437875333937,15260.336351205508,14392.935184969538,12871.825513803067,12255.326234343067,11425.836724748257
Simulation,421,11765.55460342139,11398.728452661528,11488.081745116122,11747.768146248332,12759.801400118808,13186.30162388913,12787.3441195839,13516.668055238848,13734.213259959175,15099.246569383016,15810.081805880343,16805.624430373755,17745.041929689105,18209.577379014714,18824.16227837857,18138.387435260425,17545.56619467033,16541.386045400028,16136.17948217752,15539.19978658916,14431.838948906507,13236.5262554094,12255.329807184573,10884.879971351224
Simulation,422,10531.255181387602,10081.647258473913,10152.78198103281,11002.114536831801,11440.111003282207,12537.229428688965,12577.556708024795,13327.238698510615,14220.319766768187,15118.474287527988,15883.916120943428,16883.23963819234,17861.2442881468,17999.653066389477,18755.10041216516,18735.832179857116,18138.87581307267,18083.921588379548,17122.565868359572,16374.455574840968,15384.52979413266,14029.425219502504,12513.028519141035,11619.197935589524
Simulation,423,9249.72175829554,9449.654186885067,9940.976867800086,10505.291210372707,11323.362574563036,12089.478356930827,12206.78563233503,12837.558818153659,14032.670854840859,14596.491291636976,14850.615941197051,16294.79663195155,17371.514435387897,17941.96811498452,18229.52205159805,18253.447806975833,16976.796961626216,16822.568128403043,16841.890654539366,14835.284085286054,13786.66402546696,12627.133083708974,11715.660477433314,10890.676407417548
Simulation,424,10975.111890608177,10365.692451071478,10330.159439778914,10571.043184397318,11317.122774390982,11941.716009678541,12530.680729202355,12793.61900874778,13812.755346260688,14823.217823956407,15810.370086057685,16786.233947168206,16794.438221883363,17530.707452186893,16878.737840496564,18156.21449683112,17786.51196437831,17113.16487288735,16596.57566354437,15678.874351287068,14638.993634168542,12816.774992429488,12081.36794153471,11183.31961217463
Simulation,425,10909.29973332833,11065.377240984139,10902.046419816132,11256.839887420461,12611.835809705055,13387.860840558309,13785.745297277956,14315.478336894304,15072.09729146998,15326.061511567947,16495.421265003326,17735.237002148577,18129.50213234655,18285.495449874128,19155.999199468657,19036.65932377325,18411.140692266807,18221.26830007208,17613.027983057436,16408.03210635184,15061.856355006837,13387.335299651142,11870.378146773235,11027.253537304889
Simulation,426,10811.899004511499,10767.666878915274,10760.846309100683,11595.208740667766,12681.842332150685,13308.996866458838,13455.485081573379,13433.049485083642,14322.39299940749,14871.278975954348,15658.283020243127,16409.533796409985,17695.24587208047,17932.342591748096,18026.606622630974,15883.557831310543,16717.34080463605,16414.897783286586,15884.128902274155,14763.189461078457,13470.60275332036,12536.771588479334,12370.909962501002,11487.342672603758
Simulation,427,10147.951045172387,10099.38142861642,10356.147821595594,10961.583485226396,11717.920300277076,12200.1734153272,12040.996661390725,12578.688991568102,14026.920039535646,14909.980559718677,15495.764519506289,17136.405864354027,18102.494721812785,18779.651650220298,19225.103813717375,19808.702197897328,18567.239440217025,18290.971998848636,17935.255577612534,16504.4772003844,15902.030440622397,13863.406954308912,12657.743086790604,11506.547865724904
Simulation,428,10820.273129672409,10234.45994047973,10372.245800470075,11095.659223810082,11970.848551218814,12830.42842968105,13127.521611699116,13442.59534001944,13941.40217978655,14268.30957576936,15514.164201774214,16995.30638647535,18177.7214773659,18723.06165581336,19332.700345594505,18967.51916395718,19019.136525313617,18149.08445154402,17362.62315400096,16721.982010794574,15560.508274840326,14621.651307724276,15093.75793982681,14454.69690087574
Simulation,429,10606.481622952553,10231.943860267487,10167.174662587398,11208.186091166943,12057.445380338444,12475.356626395256,12669.447953040542,13372.02513726892,14190.974652028697,14678.125088678084,15889.880226854108,16738.441055513373,17241.010555268134,16531.009360926593,17903.211807262094,18642.111110774807,18121.57104857707,17250.610507870104,16831.970447019215,15696.524447847356,14740.562477607147,13528.121774545078,12480.06841111378,11352.920718511934
Simulation,430,10870.259737554057,10779.94229940176,10842.492436347955,11864.850430159568,12924.645935975737,13539.9532161128,13709.973854291493,14009.573154272672,14799.140704882266,15426.74399771436,16769.014445394274,18184.282594250944,18845.513123402237,19490.813153893847,20171.9598476978,19525.50822370184,19581.12270975196,18442.332229870615,17239.38225973418,16068.09529806382,14245.322475377367,13160.079948692257,11928.73861123419,11282.08420654033
Simulation,431,10308.074363888809,10000.72208218564,10226.595798472079,10794.06891534863,11733.98341783978,12197.801130607082,12426.80276472377,13115.646020219432,13722.475749537802,15015.687510958753,15126.837586243737,15560.889189929545,16215.489394436281,17224.746583807555,17855.368416967915,17737.52176844229,18031.230686614195,17467.957034994393,17130.106753093696,15360.992282650073,14699.378524704087,12954.746257052142,12167.267844439992,11170.179897522752
Simulation,432,10413.949154051146,10302.224967599092,10364.63862470075,10924.650934768011,11593.10137992952,12364.865615917652,12355.30223407303,12676.762827871986,13757.403965811516,14714.01055396627,15534.56502559681,17170.518463842185,18052.45903130339,18294.303700102515,18511.885065421473,18172.66463071621,17519.605972673995,17795.29287505481,16837.92025836894,15951.770619720486,14775.36010391974,13090.245317615752,12201.939804139156,11184.578480384274
Simulation,433,10981.714553714986,10832.57987959015,11072.360364473065,11568.25021000781,12327.056381098775,13420.366697255673,13092.735486033762,13665.36812080977,13633.430684510002,14187.181956383534,15582.735158170837,15909.543103447746,17174.24801906659,17315.38425836588,17506.046024298168,16487.84991084651,15901.808309894532,15164.365726724103,14643.659040640692,12983.7534628996,12354.501128269874,11566.45584822556,9840.579580918698,10481.001578672793
Simulation,434,11013.279635772991,10448.002463616698,10608.638868436721,11033.419673194552,11949.7510783513,12730.260502060373,12753.670895050744,12895.883542970163,13991.70662209285,14776.165213166865,16022.22475405552,16918.850732720464,17933.542949502178,18404.215308396044,19338.717742868314,19753.59829807221,18915.75630043315,18243.409400224442,17792.743044197425,16704.69690795352,15210.785651528184,14086.129834141151,12372.096308892096,11352.769473087377
Simulation,435,11334.106011408572,10780.307839878727,11080.99113404947,11472.700383476531,12485.71060866788,13653.130401190789,13557.154547176056,13784.339577777226,14959.519758919914,16036.492302081026,17034.996604329634,17713.811462444206,18631.900016903244,19234.965736870996,19855.247516731648,19742.9613329347,19149.11856530133,18099.848908697917,17623.348174538805,16291.26029473496,14529.27587919701,13351.385404138635,12233.508986719928,11722.33857633575
Simulation,436,10357.603702685095,10184.118106583386,10036.247338311849,10943.741485767423,11665.48072335148,12567.111662228695,12915.383267738083,13613.676167060563,14026.882202692941,14952.959903949817,16392.818010707106,17314.120579523897,18105.15049772052,18354.44270991223,19296.189358041833,18913.494442738407,18087.52246180353,18115.48786296685,17524.658562664004,16387.40701689194,14900.495964204109,13508.178600377474,12362.104966613064,11378.981130260854
Simulation,437,10701.420202883963,10279.559502215327,10245.913527233242,10919.06677227236,12225.472521306767,12334.499106448908,12006.307396231456,13389.572103202792,13687.694231235497,14558.039830506861,13817.155335684936,14722.522438935728,15618.513678643256,13945.527631596411,15155.311585944135,15207.942278415312,13616.919792481118,14459.585677061228,13463.009777880921,12835.915618530642,12177.36630608283,12401.93086895674,11576.621203776504,10449.034835414765
Simulation,438,9823.1811211907,9933.177214147481,10282.13833574341,10581.858982653266,11615.665638350587,12464.743770999035,13170.79945936709,13148.829764190306,13778.627055918589,14727.664457642764,15854.13484836846,15644.566318914922,16549.831172463542,16621.47339002429,17334.032001782383,17001.676772592877,17571.70081213363,17436.58229476544,16474.368601506532,14502.2181043124,13428.314170833477,12029.429331346444,11050.639912535351,10557.950052916194
Simulation,439,11095.55588144376,10962.317776870173,11206.514059858526,11557.909682238636,12816.019905284444,13795.472553665277,13766.654475336254,14209.730793312447,14488.985390290605,16255.96698417862,17923.98511972445,19160.05465833467,19987.785058073052,20280.520448175917,20787.50315641857,20235.135728311314,19468.266545698603,18911.873973411228,18930.174349817196,17299.893637773668,15321.901504909896,14091.943327319343,12522.1210658084,12058.791706091939
Simulation,440,10289.363504960198,10447.896342847205,10194.954761315545,11215.745597704918,12017.196108922135,12641.036921784504,12713.245926955862,13163.68463768451,14144.07254043471,15508.949418704287,15831.763063496384,16829.984138135438,18102.19543536143,18201.109334218323,19050.357427545256,19261.15202620352,18957.27509291671,18007.94887185197,17607.47534212785,16239.831534312641,14699.040014980572,13292.791439056475,12526.02801517358,11679.561759629189
Simulation,441,10310.29695550928,10322.662900971305,10317.034589798128,11367.266514244935,12238.611677856356,12734.312876101943,12638.744183568757,13154.202854007599,13334.602877176781,13881.313069668255,15178.136608267989,15346.019413516144,15121.121737081887,16124.03050506808,17550.640919545443,18018.778790353506,16423.945305067864,17134.3384496228,16283.017552170171,15440.665980487682,13937.150409806769,12844.669089582909,12013.698106429008,10943.426383703998
Simulation,442,11228.75614098951,10538.067953481781,10728.003811636643,11342.799700131805,12130.478237361905,12959.667221303243,13297.409308293696,13682.289661381234,14253.04720630489,15439.649207276005,16688.93883680044,17109.909478260204,17541.573814241252,17747.226637724907,17766.120002215834,16934.373856332997,17043.878169711872,17156.788337958835,15516.477613700026,15172.029130434183,14235.251190502784,12624.394361836268,12207.498476847473,11383.2398
Simulation,443,10866.310491202132,10582.993781622063,10723.866961050442,11675.131027137459,12626.884019812156,13438.831894421828,13472.464223042089,13835.14831728996,14212.69866987351,15267.746699072124,16727.32245431394,18155.074976851425,19348.744692477023,19749.935041518504,20141.51342947577,19519.444710742166,19229.092843179827,18956.77442937152,18836.84816477911,17472.557421521855,16222.34540317252,14019.66733411336,12764.726127513546,11899.096834264703
Simulation,444,11337.382556681454,10643.162804090814,10406.273512114494,11090.085114198168,12474.439574512702,13559.608424462998,13287.160194281632,13879.198283967233,14335.110597349632,15603.32965495151,16754.37484337518,17660.45453572764,18696.742209345703,18990.284075058204,19241.765426822152,18920.856989996035,18464.94234461995,18270.72996971367,17362.944341039103,16290.545337359288,14711.592982927528,13895.233049739749,12060.65099785545,11852.169366919059
Simulation,445,10749.524882272213,10435.973407249476,10213.612858918981,10841.513415153786,12170.613654082501,12536.257979675283,12842.678478183503,13298.852722603076,14202.748499692394,15132.091803632531,16008.006133150193,16407.424487680397,16459.974285604763,16814.13334032514,18229.367921050587,16702.59064518579,17055.365217298306,15569.502993852422,14487.357448553717,13967.178637297566,13209.907163228647,12020.039590001643,10826.352544330577,10297.221578537912
Simulation,446,10680.465309506317,10376.676886487643,10179.13936888645,10824.416769755253,11988.487222629788,12533.664203821949,12946.636971288304,13128.207729668535,14474.0020639064,15056.450878271642,16189.060994051533,17267.345828131554,17949.070719305844,18392.89137373735,18626.27923051411,18384.404690545125,18194.361308552143,17247.045585635566,16366.982072427309,15609.747219523533,14147.225583967545,12568.142381488591,10399.154225050159,10302.673737872055
Simulation,447,11152.922414496614,11211.446950757369,11089.62661394696,11813.606635031316,12972.2394,13631.269107197999,14145.656843245732,14213.88584153741,14855.484391651069,15732.688809354993,16636.136088283733,17181.343558278495,18199.195989890926,18871.58008686279,19341.80424255078,19105.1198572826,18162.454065166992,17677.26127699178,17136.87098680781,16076.886231285374,14831.33917894824,13670.648149613868,12491.780240519533,11686.416684764865
Simulation,448,10181.759412642414,10282.24591973877,10399.896282052996,10933.099241401234,11773.562332251335,12175.560209418223,12591.525375234516,12931.10094327874,13169.048918226777,13887.117198083637,14369.918509048373,16061.478823417005,16443.944200564845,17607.6981047323,18892.64609934852,18838.85357233809,18867.17236817692,17835.765000338815,16883.065326251046,15773.409975091656,14399.351426575517,13244.440233151821,12253.592890310838,11524.41176499905
Simulation,449,10166.642003075118,9989.385819915984,9630.342348094964,10666.471177090749,11645.710860565607,11818.592644516648,11669.616857807281,12422.219875638591,13755.561195218877,15023.911659867264,16180.836236398629,17027.277781752022,17934.566452703348,18838.67702578957,18958.17073108941,19177.486226820583,18735.723436368728,19075.565117410042,18287.76065126711,16975.45281121636,15377.721016472706,14126.307152986054,12604.104369303177,12048.220433947812
Simulation,450,10339.002341538775,10485.876088909172,10533.796929478347,10836.775444092076,12256.879717940074,13197.263373024562,13271.74308703674,13904.69061793459,14331.152358688088,15365.229067905839,15879.645225921362,16829.0609813861,17958.277350905402,17924.439352393,18126.839644400578,18051.585953222035,16459.121026999397,15209.474719998805,16142.213845330958,15172.000645119811,14202.788225395514,12954.472578685478,11833.194495334936,11504.94303205339
Simulation,451,10359.159350552303,10075.193991367218,10441.964348236064,11147.585295929533,11940.398253873602,12284.498671199888,12809.743508988671,12830.092087952671,13757.69657899235,14855.51019850939,15570.447899074878,17078.389480906146,17692.210523988895,16649.951990413756,17174.815833253397,17802.65457363354,17470.527383793295,16847.370830486252,15774.945243696486,14676.609555828612,14388.178714474201,12940.298797790567,11171.779330381292,10741.002532599126
Simulation,452,11272.538721037721,10258.335246075592,10614.45582762245,11131.322211744387,12358.496109340005,13498.37627187358,13130.686051105458,13561.400728525,13886.077564262936,15205.819162801348,16690.547839347986,17671.209922802027,18516.84291800726,18711.812159489244,18915.373489038557,18528.788336607427,18073.02015770272,17100.32196691932,16610.322375148015,15684.451618037829,14298.834147280813,12737.363001913494,11536.928540537112,10572.057259030647
Simulation,453,10602.63360253534,10422.926097415542,10210.737752424262,10933.011890279813,11860.652472274533,12877.945221714932,12961.964075359252,13468.136693406983,14214.03,15693.906653280606,16983.897491598025,17701.473385489997,18496.147435963514,18671.615565758122,19248.933069787017,18454.89593111183,18463.962250334942,17609.31560277972,17176.941449293336,16343.832893102004,15053.781550982043,14126.498265519771,12500.521128783506,11191.666254065323
Simulation,454,11884.040652273485,11541.3321305112,11564.452428782159,11867.113654095028,13042.414918288585,13847.467227802008,13631.017691264797,13511.893599747258,14335.107300273989,15310.336370847279,16178.512245930022,17227.696280522025,17987.845329910473,18019.098394536424,18195.295176465905,18300.101668306925,17988.153200147983,17832.58359996989,17350.12187172183,16015.354957836733,15014.861392685178,13658.143369499308,12528.00954336047,12705.549436535252
Simulation,455,10598.723630668821,10331.34160471653,10399.911180052575,11354.488182909896,12511.338609384879,13377.031014140477,13498.014315744429,14221.468893284367,14557.93461864652,15855.053852765004,16543.079860575006,17498.72793568809,18468.36663231422,18779.310094414945,19269.8188,19248.855248910186,18543.68550639197,18355.190565566274,16991.85457416693,16634.404704700344,15113.322685591327,13992.098235462014,13831.331316136922,12192.9813353527
Simulation,456,10574.833261739073,10404.127100955786,10258.761996318328,10710.702729826535,11979.967112660499,12330.19930700775,12597.764629640467,13277.131866045991,13684.237561014632,14877.2209636986,15445.43735664369,16788.346423225536,18462.112186160637,18548.289509412836,18921.942078015327,18716.26898243758,18258.574109026344,17462.18758749026,17125.889435732905,16213.140221683865,15246.537140802047,13862.697572893241,14664.648519051514,12284.678911714811
Simulation,457,10514.294280979595,10190.210213363483,10191.394162635715,11265.009845259343,12045.093370317849,12821.730581522981,12633.266233583368,13452.865394978602,14487.436086720576,15731.705239590254,16744.41689950631,19186.703734234765,19314.409957052565,19399.16076709331,19848.78301978417,19622.573715487262,19882.46251673115,18906.64755217638,18052.83559566993,16467.522292551803,14911.807076764975,13462.089483235735,12280.728100956048,11377.75340090824
Simulation,458,10652.183759594987,10563.395488130918,10392.048600003722,10802.535534953839,11236.630933563769,12218.762285184685,12654.288428075824,12638.361725184403,13250.727541093634,14765.68560307511,15607.715918961936,16915.10094912702,17644.087607682024,18185.281701022363,18380.245515228606,18835.50735243675,18056.274312519392,17883.206001180242,17190.23194819012,17007.34081190924,15565.852741657405,14664.550756441926,12954.808621108292,12127.964191075062
Simulation,459,11392.523151608522,10996.424613922427,11277.993668390283,12144.232949497527,13132.565279073644,16037.316846097645,17159.74317559597,15645.494013984193,15193.780081891984,17565.344775646776,18409.549848029037,18833.594691175487,19232.774576048545,19015.617921513614,19465.896203721306,19569.90171421417,19045.649913723886,18740.943807234285,18245.86566727301,16818.835611598814,15170.902914197306,13892.191768136372,12523.436801389575,14098.921229624835
Simulation,460,11127.359293888065,10925.816727605032,11156.5603915112,12192.7052175126,12623.01335756947,13355.973060859906,13513.104378030728,13785.462570799462,14055.511843231116,14943.522697475642,15978.998159044713,16332.20640890023,16307.906454189373,16218.132987844825,16800.801444041364,17877.755226446185,17249.453663859742,17011.70513528154,16579.648689676633,15027.243423408056,13949.854810436773,12958.200317419372,12047.898275973075,11140.522812395886
Simulation,461,10500.82658817471,10440.722397952513,10713.143335572558,11529.604697640745,12490.039923362843,12985.579653095278,13710.60912366997,14790.449190654104,15975.311843774252,16316.790495111461,17639.19402532942,19541.61934752125,19642.94772514268,20076.017694816102,20369.72045712078,20459.385924985316,19475.0898937059,18867.345881151214,17983.672258123,17154.227089990014,16659.97040828622,14757.467513121534,12643.825351433945,11801.898578960798
Simulation,462,10346.979316507746,10367.092939361748,10220.53375553248,10930.514082931679,11353.812704267635,12260.049192794208,12644.21691550927,13293.12044633387,13539.51098311957,14181.195899691744,15046.316864307319,16772.380134401606,17183.555448578496,17691.338109921613,18863.35418556245,18615.639766363132,17491.68868580052,17203.23084956484,15606.74698262097,14629.171997027901,13063.148768751424,12358.922214406473,10728.447748620765,10361.919904820521
Simulation,463,10743.447970574238,10446.98980337929,10725.571995905211,11200.572110712566,12537.950200000001,12966.07866941516,13073.491869051877,14209.223926448503,14603.045525561338,15918.332900555784,16490.316212836377,17647.738237240777,18620.68244177922,19251.33730454444,20098.398735102495,19878.020720997916,19162.44181455455,18233.044677323087,17499.237259593745,16425.898550136633,15002.460481746877,13779.616252248654,12421.509381217102,11831.95671327756
Simulation,464,10878.381129627134,10225.912204735045,10347.040133691287,10730.207016990189,11869.600749454945,12276.146838522127,12673.254102296856,13075.250105199491,14481.630322216904,15007.254822613459,15862.983712170737,17081.19501195296,17721.233393231778,18414.647158416454,18861.60598871276,18892.60318578793,18145.921675513036,17339.195459931525,16214.975194923187,15805.969685870348,14201.236609358668,13534.439229131878,12305.356027014186,11884.643287730472
Simulation,465,10063.005500762483,9644.45596464913,9487.665357501484,10171.573777835018,11355.41151817762,11836.17941320766,12397.397144451801,13418.335670814347,14220.026111608326,14570.872838102277,14886.346688629472,16511.029300847178,17373.618564779572,16594.346260542316,18088.47827782682,18007.472544898163,17159.10394556615,16689.08340914472,15837.704963456657,15275.533046580606,14023.788148396821,12588.712374748984,11951.707408365164,11334.973301066688
Simulation,466,10088.021937190784,10205.33945654314,10252.08340235695,11151.360437126972,12308.893965766181,13584.235747737044,12993.503072090813,13432.641959519577,14142.517921082035,15358.442248651752,16292.2125097426,17627.34220366992,19026.447016266327,19369.069488490044,20135.730113105696,19816.927621781975,19484.621429982697,18910.79292643464,18021.222622708683,17682.967780405383,15450.688802852603,14015.00492080522,12856.51177596509,11824.381021186487
Simulation,467,10931.60052186897,11111.76617870454,10736.152068647085,11933.612762908038,12483.605166755879,13333.636134038348,13061.836256151424,14004.761294093863,14616.516637129704,15486.010097112814,16368.87566802423,16896.51202684048,17723.032841794637,17323.401391672738,18259.631449377597,18474.576666298213,17819.546509084208,16059.183585221268,14591.982801819304,14349.183562322563,13508.12700978498,11762.647180761203,10696.070929040454,10134.33234646538
Simulation,468,11276.761233895699,11398.630443521986,11752.94479769631,11865.575322038916,12853.214918783735,13237.043980514336,13122.794268065216,13627.188010509073,14227.339780793951,14303.247989387684,15672.081232008202,16964.862994571315,17142.848969273142,18011.556626356927,18492.960699976953,18999.109631550113,18487.933407191893,17806.977871366333,17771.552199345584,17118.96555947133,15394.218543835052,13908.499576131568,12633.135891724258,11682.218057352744
Simulation,469,10319.610932130101,10495.964221730337,10322.091494890828,10960.298953193877,12803.052195727683,13255.55110821169,13016.701850214276,13842.577702595088,14342.05444774513,15361.038427300406,16270.364942889146,17705.232710888755,18578.740670007075,18831.26665913601,19032.413364297667,19046.487455736962,18450.725262499884,17936.899944990637,17243.32132781081,16230.961279626425,15355.136997005195,13738.894025416737,12044.261275535051,11151.73301978566
Simulation,470,10069.19248122682,9995.887476656237,10377.9181949298,11139.104940172592,11710.31901092349,12824.91248878653,12901.687958503317,13168.204713106823,14040.14144351475,15133.356127676292,15975.9299256699,17286.004037661387,18456.205634151305,18254.054876959082,18910.6570610678,19160.30193571484,18429.744141703104,17776.050298251404,17272.764690881304,16116.321564068392,15045.981936270578,13821.671306836219,12793.000156622522,11747.765328226957
Simulation,471,8835.364775469188,9271.91677474783,9283.164568488068,10126.101808313879,11227.016763390004,11889.123164811312,12168.23254840577,12472.001525597903,13265.991796139477,14816.855208883762,15870.788111942347,16252.274539532686,16771.938662849432,17033.388460326023,17359.107432946224,16857.71326875105,16665.710340327638,14139.980914537417,14608.65565571592,13420.158329795599,12856.731432991332,12305.296456046728,11220.843848579816,10225.631251728053
Simulation,472,11370.424425577214,11338.347224762872,11856.636538882565,11748.753143706646,12855.198561202202,13625.207033057137,13633.55809350017,13882.201627897513,15350.852409858795,15809.10674803288,16840.81344142622,17610.70475277741,18496.550267461378,18749.739899593274,19507.787704013423,19595.016457062473,19585.556222295312,18559.76999377262,17943.84226589264,16794.590778320813,15566.661864618838,13700.365168764494,12529.15287928657,11792.880053375779
Simulation,473,10682.59600021337,10494.393293983558,10619.026599453566,11346.33522569991,12491.136495243078,13175.517254773755,13396.969390838758,14074.926517238691,14519.203188553967,15402.756729318648,16211.245722261685,16615.177144139852,17872.055592308454,17841.676296477162,17910.43309191858,17980.630923700202,17284.123440417417,16458.118151817296,16048.642513554387,14403.449246270784,12927.83480656986,11935.36822327256,11138.689309014257,10930.662628265383
Simulation,474,11645.743898703788,12816.152389145764,12822.660308173856,15096.642586997765,15291.798010455743,15606.190380141406,16184.585362175923,18164.898820658927,16149.162752532216,17003.49802873182,17807.38466169595,18048.11321764535,18972.36449546169,18935.893960839938,19453.16828730641,19627.55681798249,19452.29320675012,18823.24762932087,18307.002491040603,17543.62420209579,15298.722723208566,13970.170336116294,12578.518797983488,11657.911415431849
Simulation,475,10498.427431700575,10225.212351325816,10533.59178495102,11136.812921917053,11773.162928847254,12761.25878833966,13359.888041572065,14200.972152254992,14764.492222091918,15414.353928323218,16445.277374298585,17471.64254807297,18663.39540542063,18524.935109281483,18693.594171506968,18206.91009355402,17689.47571674409,17274.47381403134,16576.115197838033,15668.232775911696,14807.733922206116,13464.18852655664,11575.986082082625,11779.387070157412
Simulation,476,10604.421714604565,10268.709226012046,10315.896322926987,11080.590675551119,11526.381139166584,12080.969724429471,12470.243410950901,13362.863061092554,14311.07513608853,14967.43113151489,16136.366538530607,17259.238642204557,18001.81148413701,18392.645008280208,19287.001979876124,19287.186156708376,18634.43237733351,17732.632581201757,16769.628458851515,15408.707590578446,13981.77066552015,12448.114142477805,10961.7078614717,10377.661445958869
Simulation,477,9947.403775469877,10112.672909864703,10071.735746204926,11010.149748752923,12264.035598955006,13096.8772100198,13290.27446521323,13859.836752574363,15193.120912933064,15674.88208213735,16673.72090728771,17685.177832099154,18406.429656620436,19067.545730343165,19544.154275509496,19817.35017416241,18818.7267737386,18589.566623675568,18310.589511042293,16811.902236561633,15452.392358430152,14120.281732009491,11897.049981829832,11099.798965360817
Simulation,478,10912.45925076128,10731.500362039627,10993.816609056441,11749.716242505518,13090.575648782176,13864.83126664287,13910.907972792875,15433.275172193951,14502.171156456287,15629.47496346011,16894.774890259217,17625.838911161765,19047.95225290451,19702.42904766185,20048.670349377153,20422.007277443263,19446.171335819236,18772.36374504867,17498.18594107198,16161.039129184805,14621.973195073602,13367.494650918314,11373.235509972545,11271.820596563679
Simulation,479,10467.773662584634,10478.97301437493,10562.72623336802,11525.070685361557,12525.191175269983,13466.115403784504,13647.624722549876,13704.38310585693,14550.062734758782,15245.48648558876,15813.444443248536,17146.477616692646,17539.247513412152,18262.539334972007,18888.51172950596,18585.80344747782,18168.835917439756,16365.91594864187,16080.762886461252,14937.196995964989,13984.882311114397,12772.582087124763,11871.388037552788,11332.21023684507
Simulation,480,10258.69512440204,9714.144721578792,9689.664214456836,10559.805759245222,11369.384459710474,12028.84798033295,12004.811282833249,12499.837769116457,12927.816012800824,13084.921394123221,13454.383168272438,14661.835403126466,15712.461723258915,17477.680884896938,17063.534012297612,17877.194492374932,16852.322254219413,17064.180234474297,16789.025526524616,15698.341106526197,13896.773617272802,12157.56383706843,11345.079907585683,10985.342537816383
Simulation,481,10962.555895706973,10786.06319310422,10524.278548022809,11558.17972336557,12552.873607701125,13434.387678340961,12924.51688502616,13679.31607152029,14208.689421215307,14855.477229268721,15550.097592526059,16649.456578596768,17486.22455152799,18247.30010437745,18819.571000860542,19139.55619600904,18091.750618250335,17324.811960428044,17008.608319830902,15992.75143717861,14874.70043287371,13293.675846644035,12155.09742774224,11467.46183576607
Simulation,482,11254.042000525777,10540.758256712488,10662.674782502208,11302.920875717537,12401.161421432182,13649.18217899416,13994.006976172204,14457.765351645865,15124.890644448718,15522.049552242455,16085.88145453574,17171.0775074386,18078.675779794692,18254.464881880303,19130.090304638306,18851.588754079574,18211.99728783725,17601.129373593758,17008.59318050492,15330.567362133117,14234.098508876117,12566.831895497657,11704.47120825687,11141.2992878371
Simulation,483,10982.127477555638,10983.343341574482,10823.729826599192,11643.542058982308,12927.293880843708,13194.223026664042,13210.276773668495,13834.084890889973,14347.092897799084,15664.356666523752,16732.464444235666,18019.08691441752,19397.66505575895,19505.51012203739,19324.995397388506,19733.20102375708,19152.116990859417,17923.761141191633,17108.32538214167,16491.456539695646,15261.156366447878,13815.381180688768,12351.659971191577,11278.928762172969
Simulation,484,11355.98018536802,11817.456239727208,10853.049873568292,11415.205264916063,12363.500558458141,13202.35974709432,13336.937107434616,13291.494649408754,13909.433646801013,14740.836425035683,15734.300064295823,16954.431747677896,17988.257378819922,17960.954524736,18478.59506657839,18454.91332203411,18064.912654948355,17389.867996338828,17039.043690165963,16363.35012253164,14597.606018864975,13743.192384547147,12556.139007706344,11813.837866993645
Simulation,485,10785.605773218782,10670.403947852381,10759.208710590516,11090.25344365018,12123.639202798044,12954.186051481818,12377.314766207055,12620.622786285468,13515.267335593895,13776.406511294566,14021.442846643204,15553.754395993266,16195.116180943345,16819.563006700468,18276.639106285926,18089.19949372189,17962.722254310152,17366.799606213346,15822.200067976937,14494.653079070235,13991.781669321792,12467.601649517303,11486.027418070395,11342.369063993257
Simulation,486,10542.207649481674,10540.529684538631,10364.620269650995,10994.25902143782,12205.234899701636,13150.019481698067,12415.811488492736,12924.422201896445,13347.399694868436,13852.162880175174,14371.228722098196,16338.42039695695,16685.073198853424,17767.516067999895,18315.724317618755,18500.36971505461,18204.811730182493,17649.944735795165,16861.500881049342,15728.947404458053,14048.964453814937,12562.485980283758,11273.443451287669,10239.148323721167
Simulation,487,10019.764882269556,10012.486249604466,9807.54690277628,10689.248358884124,11130.37794931528,11692.894949009851,11623.476935890543,12838.192186063709,12996.33714001048,13522.678952727621,13970.299597314646,14007.159429891362,16114.432748720914,16358.554989654209,15815.76736139263,17164.29042133348,17519.46414479665,16959.029991839063,16937.33869603485,16035.287889631929,14496.225032898597,13406.560802078275,11968.237273461093,11149.96960924124
Simulation,488,10108.124256998073,10171.07564140402,10106.200047893599,10484.815444413387,11282.997802748554,11356.524176479037,12260.039684815592,12897.544907952339,13033.000361647535,14382.140866641072,15421.984967419641,16246.6465343144,16818.79363937523,17612.105937708515,17906.895033768764,18101.4479314038,17208.183997317086,16964.154550217107,15550.215041906242,15080.87636115034,13699.378491365436,12839.51577797065,11870.799239192114,10896.88461559149
Simulation,489,10968.769223116862,10340.874234381885,10689.74998138162,11160.585497166618,12151.401497374141,13022.250349694947,12641.538772832231,12892.152392249924,13389.394557099098,13306.926351425653,14794.017075920829,15678.99546705794,16119.573913333028,14876.181730854487,14995.301996322341,15141.256786643686,14730.486449578671,16018.328084730427,15496.497345068718,14792.58344196344,13462.493055155872,12422.094703163722,11103.967679157311,10530.980033290572
Simulation,490,10135.033690224715,9276.237021286393,9327.501604220943,9711.11559496486,10196.38039421824,11019.127384880088,11242.620874600769,11895.91565387791,13045.03363175165,13839.95582371572,14161.165954173544,14828.052660024076,15334.518001599065,14012.745168242262,15053.64476282707,16261.195327632675,15417.336381212614,16233.466443693878,15517.729095264545,13736.26532704803,13704.424615652493,12785.283032174535,11576.588117676067,11141.35277511296
Simulation,491,10858.473415275263,10616.050399999998,10573.537212600475,11437.52230150989,12306.21913541579,13327.668601982004,13118.33377905572,14023.185414553884,14374.252665185595,15616.279104260619,16670.755364128574,17616.366654318037,18327.297196494856,18899.439691172884,19114.691412566805,19234.472827456822,18656.399948357852,18367.2274523359,18034.458935981962,17128.443401692704,15386.303324926164,13617.706513010395,12349.431379141031,11742.401995185877
Simulation,492,11348.120517306843,11032.543229687995,11364.610026689117,12035.11920561899,12676.02262607135,13203.457107804961,12950.33324382778,13810.616817795206,14509.810221108002,15219.428965545827,16511.211034261327,17579.00078547461,19026.176229157118,19229.02925278575,19656.350794258313,19471.656337593857,18857.834684654506,18083.923312076487,17966.91786066268,17493.30657572251,15488.110956292912,14510.981911710222,14758.15244120168,12283.073660158028
Simulation,493,10949.448104412997,11013.384426926683,10775.878429852854,11373.411814574025,12140.534130892458,13189.576961842362,13715.566883656147,14222.153379432622,15007.822493701256,15775.400108631797,16050.916049149768,17107.40511890047,17695.334978740226,18344.977932553735,18927.75742327692,19119.74862938835,18903.921819548956,18670.382899836604,18402.759698293616,18044.283719351097,17085.33655192293,16598.20152844918,14689.068765555065,12269.210572704917
Simulation,494,10898.343252628028,10946.225911855552,10475.136995850264,11249.113641095912,12883.759834718787,13452.589295530292,13165.544560311972,13870.437270147719,14165.284044803586,14904.875706950956,15972.570204144984,16611.82886657949,17629.694705469716,17635.260903669063,18712.133330211313,18771.229454245688,18395.541882387097,18177.964470031646,17862.412728334602,17084.297511139583,15412.68929240614,13610.094427950842,12265.43908491211,11362.684780007703
Simulation,495,12290.601502860418,11372.80646927828,11265.305634425564,11531.676552511137,12403.950450019911,12357.597350949602,12298.611296139026,13312.386100337284,13887.148165145672,15338.879007795373,16030.130094360424,17747.98589143369,18374.896709787175,18447.41147441184,18650.9891542716,19017.804174118286,18202.13387750924,17808.699766951588,17437.775628804604,16664.534775812455,15190.538153039286,13867.737235990884,12685.455983609243,12749.024956560135
Simulation,496,11608.513949691745,11250.468891771117,11257.523349436387,13151.539321920354,14305.40974563621,14980.192202087708,15621.786623724138,16710.4994585816,16587.393877562034,17016.066379475138,17470.536809787176,18423.13058077082,19681.658598126163,19022.886463301707,19963.38954538641,19910.261366821458,18885.816406904218,17873.991747295637,17413.522746099097,16636.393170335403,15877.58764974596,14188.736883815243,13122.544182960066,11939.765311634123
Simulation,497,10286.230842605668,10094.935298845956,10141.355087798232,11295.168710798478,12127.164042057115,12704.896429061275,13081.211748609843,13447.474559227912,14137.040698024515,14870.46692897255,15762.467549898063,16643.079655893667,17850.113701584658,18178.30221279232,18977.204685928442,19186.542797671926,18575.01925169473,17908.43153269359,17020.74242160581,15869.115822245636,14641.783172752763,13437.757032831343,12444.422925853152,11196.8606
Simulation,498,10903.35903575066,10731.97775055045,10905.190227833984,11376.26548859158,12302.535466057225,13482.563382112074,13115.010740610942,14074.080045536844,14812.492443549138,15507.708510733035,16514.30456503998,16850.54336716567,17810.317619285586,18186.389389980504,18763.09623377423,18456.22504917619,17639.111834431194,15938.493660346907,15727.36879864267,14967.037756534823,14547.686779641755,13145.388375056045,11876.94829272809,10964.53310358702
Simulation,499,10713.179196005163,10160.880091491319,10771.78793811091,11500.831991591462,12161.901735101059,12959.611139279146,13250.402372926135,13588.094689718104,14161.625115711862,15343.00062942673,16175.670075787459,17577.23342610923,18770.29642200633,18457.661306329435,18775.038444208378,18652.133790400938,18385.555947647885,18257.824615401696,17342.364047257044,16157.953939342402,15080.192678142075,13513.257809803197,12664.076105461163,11879.73865493
Simulation,500,10656.329925424343,10718.021939275455,10636.58057615546,11858.99967108006,12408.487116278964,13389.381936955886,13573.011034512558,14138.920185747655,14823.626679712745,15627.079086206722,16476.941720316026,17518.546236017057,18183.23135745712,18355.86134286742,19114.720422824863,19386.38722653716,18881.482593121982,17908.326698249406,17577.67285548298,16263.707189981933,15027.182926293079,13489.432692269022,12087.145635852738,11289.785700855062
